#SNAP D_GBTOT
1 -99.689668
2 -91.085647
3 -104.402510
4 -100.361693
5 -99.261968
6 -92.003940
7 -83.735135
8 -108.448170
9 -102.178682
10 -98.214661
11 -98.652171
12 -101.514151
13 -88.452526
14 -82.450710
15 -112.400842
16 -86.389100
17 -77.710059
18 -89.467549
19 -85.557472
20 -84.645832
21 -94.394647
22 -96.574255
23 -92.694463
24 -95.696170
25 -98.758020
26 -92.996298
27 -84.806912
28 -98.224141
29 -84.185734
30 -82.939579
31 -84.470136
32 -94.803552
33 -90.968084
34 -97.148063
35 -84.750094
36 -108.162970
37 -104.402585
38 -104.071903
39 -97.855906
40 -88.960951
41 -87.546586
42 -90.054779
43 -101.760626
44 -88.580829
45 -86.328324
46 -95.195044
47 -90.931624
48 -98.767350
49 -93.836212
50 -102.809183
51 -96.514547
52 -90.792080
53 -97.646656
54 -110.942560
55 -107.928581
56 -108.419318
57 -93.682249
58 -99.917518
59 -102.865046
60 -93.759692
61 -97.341873
62 -95.229549
63 -90.441997
64 -101.071854
65 -77.919302
66 -99.338531
67 -90.862947
68 -92.146870
69 -96.242922
70 -88.598270
71 -91.249001
72 -87.139089
73 -94.916046
74 -79.062021
75 -79.611636
76 -81.617807
77 -78.071403
78 -78.139720
79 -86.531071
80 -88.781133
81 -84.512454
82 -92.228231
83 -83.267539
84 -89.386275
85 -89.719833
86 -92.383394
87 -93.362116
88 -84.232302
89 -104.904839
90 -92.924058
91 -96.332757
92 -108.866284
93 -77.034909
94 -82.750344
95 -91.280029
96 -93.373407
97 -84.056931
98 -92.936594
99 -88.137411
100 -90.765825
101 -101.070604
102 -99.708289
103 -73.950832
104 -99.048124
105 -90.383920
106 -84.538819
107 -94.647116
108 -103.340521
109 -81.891163
110 -92.897405
111 -100.882329
112 -93.153106
113 -68.670424
114 -93.545828
115 -91.467642
116 -88.468253
117 -99.924075
118 -95.125678
119 -101.526982
120 -94.386964
121 -93.182653
122 -98.735624
123 -99.486634
124 -91.330209
125 -78.782917
126 -86.903394
127 -96.756566
128 -91.908205
129 -92.572100
130 -84.908691
131 -88.771140
132 -96.268660
133 -95.046018
134 -85.146268
135 -81.984349
136 -87.395775
137 -92.261494
138 -103.308998
139 -79.391877
140 -98.772082
141 -87.173684
142 -86.310427
143 -94.976606
144 -107.152715
145 -98.284360
146 -90.635503
147 -91.323323
148 -81.771650
149 -80.291818
150 -100.230504
151 -93.971897
152 -94.081142
153 -99.127786
154 -85.434612
155 -103.628213
156 -99.473789
157 -95.644903
158 -98.592040
159 -81.720492
160 -97.108857
161 -89.193268
162 -102.813013
163 -112.283534
164 -91.235990
165 -93.750852
166 -85.293874
167 -92.129394
168 -99.441560
169 -88.645233
170 -97.426922
171 -93.125585
172 -96.416438
173 -91.884720
174 -93.288264
175 -90.372179
176 -69.179179
177 -87.750751
178 -82.788059
179 -91.009779
180 -105.398081
181 -99.109268
182 -97.297314
183 -88.139936
184 -86.044308
185 -97.332345
186 -99.495754
187 -80.919582
188 -101.184324
189 -95.489157
190 -100.952844
191 -91.781819
192 -94.235570
193 -89.060112
194 -103.991539
195 -103.830225
196 -101.311399
197 -94.064613
198 -99.420661
199 -90.727579
200 -79.882158
201 -85.179946
202 -83.419381
203 -84.218457
204 -100.915400
205 -98.668908
206 -90.017922
207 -82.132161
208 -94.623681
209 -88.825024
210 -105.025710
211 -80.156199
212 -86.838942
213 -99.997403
214 -81.111235
215 -85.375856
216 -85.399057
217 -93.237382
218 -90.342530
219 -98.700157
220 -95.706911
221 -83.509630
222 -88.794421
223 -99.330872
224 -96.244758
225 -87.131075
226 -107.027097
227 -89.469954
228 -84.744965
229 -89.889003
230 -96.224659
231 -96.186498
232 -81.587257
233 -100.237442
234 -92.775881
235 -90.423610
236 -88.836529
237 -110.254058
238 -80.637182
239 -96.644121
240 -85.616346
241 -89.983553
242 -112.565243
243 -99.245104
244 -113.705173
245 -83.407603
246 -98.894778
247 -88.553884
248 -80.204094
249 -91.668432
250 -87.853259
251 -93.123023
252 -71.412366
253 -74.856968
254 -85.678156
255 -76.205683
256 -82.728641
257 -85.251416
258 -87.759438
259 -68.249636
260 -79.538660
261 -84.565656
262 -83.270512
263 -82.707732
264 -73.359639
265 -90.222001
266 -73.648268
267 -84.854395
268 -72.792629
269 -90.643958
270 -73.127438
271 -69.629064
272 -87.039089
273 -78.574187
274 -73.989555
275 -104.394814
276 -73.765542
277 -88.989401
278 -67.281423
279 -81.218666
280 -87.663987
281 -93.309764
282 -70.634150
283 -92.361665
284 -81.469400
285 -77.298222
286 -87.263704
287 -88.826374
288 -83.524560
289 -72.345827
290 -71.332212
291 -69.295742
292 -76.747264
293 -74.739952
294 -83.543262
295 -85.719543
296 -91.830971
297 -79.983853
298 -76.216548
299 -84.752520
300 -77.464982
301 -85.132426
302 -83.729343
303 -79.146624
304 -90.157521
305 -73.126542
306 -82.881422
307 -83.936461
308 -75.508467
309 -88.209524
310 -77.322546
311 -80.901135
312 -65.184644
313 -85.685401
314 -87.671034
315 -101.022990
316 -82.796576
317 -78.161759
318 -79.517576
319 -91.384336
320 -89.551869
321 -87.468429
322 -86.150123
323 -91.289578
324 -76.261966
325 -74.658111
326 -82.177838
327 -73.977064
328 -81.914767
329 -75.485498
330 -76.616930
331 -93.547867
332 -92.421756
333 -74.328384
334 -80.742559
335 -79.396910
336 -101.116343
337 -83.949699
338 -81.889223
339 -90.938338
340 -81.658866
341 -81.068174
342 -94.679153
343 -96.074194
344 -97.921230
345 -100.521755
346 -82.471575
347 -98.860113
348 -99.135706
349 -74.847625
350 -92.401041
351 -93.682084
352 -102.253574
353 -85.362562
354 -93.921016
355 -82.441965
356 -85.268918
357 -81.177514
358 -86.965592
359 -98.512651
360 -85.310244
361 -98.663355
362 -90.380915
363 -93.670556
364 -89.847588
365 -90.167783
366 -86.573284
367 -76.573060
368 -79.152670
369 -86.528045
370 -82.407521
371 -83.057299
372 -103.408939
373 -96.483293
374 -87.351229
375 -77.796521
376 -87.983477
377 -95.108081
378 -92.007752
379 -84.931718
380 -96.110385
381 -89.941337
382 -85.194849
383 -81.531041
384 -92.443438
385 -80.922804
386 -91.190554
387 -80.036401
388 -91.124900
389 -96.554521
390 -96.002441
391 -101.246710
392 -90.595398
393 -99.127214
394 -63.313206
395 -82.381291
396 -78.627073
397 -75.268574
398 -95.426914
399 -72.606538
400 -90.014075
401 -85.616096
402 -98.682707
403 -91.960648
404 -85.993064
405 -90.601699
406 -83.639388
407 -83.169865
408 -86.281072
409 -94.594952
410 -94.037575
411 -95.376865
412 -85.919877
413 -86.562081
414 -84.603286
415 -90.383882
416 -84.782201
417 -87.712151
418 -79.403336
419 -94.649209
420 -90.488110
421 -87.158245
422 -80.515277
423 -102.034898
424 -83.363035
425 -73.415414
426 -82.836707
427 -95.780120
428 -86.519713
429 -79.774012
430 -92.887769
431 -84.834089
432 -77.399592
433 -77.541239
434 -62.590026
435 -76.407648
436 -85.592751
437 -87.048535
438 -86.765889
439 -95.681494
440 -91.931336
441 -90.588684
442 -78.696488
443 -74.338912
444 -73.545396
445 -105.300194
446 -91.961098
447 -91.323655
448 -93.398752
449 -84.948769
450 -72.307179
451 -89.774269
452 -93.152958
453 -95.685657
454 -87.166433
455 -81.679944
456 -105.231181
457 -86.085122
458 -79.822585
459 -79.295608
460 -89.122456
461 -91.110474
462 -82.594201
463 -90.331558
464 -77.793031
465 -79.553996
466 -75.022932
467 -86.521175
468 -104.493333
469 -95.085847
470 -86.475095
471 -86.708488
472 -89.518082
473 -88.660089
474 -84.376684
475 -92.933669
476 -85.675854
477 -76.870860
478 -91.185987
479 -84.450840
480 -78.695064
481 -87.359364
482 -67.161236
483 -67.079200
484 -75.803921
485 -87.011630
486 -80.637737
487 -97.906588
488 -87.556126
489 -81.152066
490 -81.511262
491 -88.496357
492 -79.492844
493 -76.815779
494 -78.456843
495 -94.655563
496 -92.036939
497 -81.320010
498 -67.545422
499 -81.046413
500 -91.812977
501 -81.166068
502 -72.091015
503 -83.787166
504 -85.426195
505 -78.562234
506 -81.300598
507 -74.205561
508 -75.142257
509 -75.544598
510 -69.488850
511 -71.944336
512 -83.136889
513 -75.080930
514 -86.724722
515 -69.110161
516 -79.362986
517 -77.439469
518 -92.762485
519 -92.878644
520 -81.660270
521 -82.052973
522 -87.076353
523 -85.419552
524 -70.654011
525 -80.151416
526 -82.376205
527 -76.676932
528 -79.874528
529 -74.996045
530 -84.349828
531 -69.384811
532 -87.405951
533 -83.760217
534 -85.629401
535 -67.951808
536 -75.847990
537 -77.756066
538 -78.670209
539 -81.926958
540 -84.114429
541 -81.574188
542 -88.687943
543 -91.129036
544 -82.204553
545 -80.743349
546 -85.132597
547 -87.925549
548 -69.890034
549 -74.427888
550 -85.195025
551 -78.842053
552 -91.136577
553 -84.198883
554 -69.096246
555 -84.922209
556 -86.291399
557 -76.348797
558 -77.532811
559 -82.532160
560 -94.262370
561 -71.323890
562 -82.716201
563 -67.921408
564 -74.992313
565 -92.306491
566 -83.013349
567 -63.943189
568 -74.999862
569 -75.781664
570 -86.384539
571 -83.503225
572 -68.355974
573 -73.564526
574 -72.079072
575 -80.396039
576 -77.479848
577 -86.367667
578 -86.052537
579 -86.575681
580 -89.643398
581 -78.363680
582 -70.409858
583 -82.225331
584 -72.684327
585 -83.124301
586 -70.953035
587 -69.606574
588 -83.282659
589 -84.247090
590 -85.585215
591 -83.100024
592 -76.221182
593 -91.489546
594 -80.971736
595 -67.932621
596 -85.685776
597 -78.196154
598 -84.937269
599 -86.590661
600 -90.373659
601 -71.755249
602 -86.664086
603 -83.734508
604 -74.927173
605 -83.669499
606 -78.692135
607 -73.197415
608 -82.974388
609 -78.900405
610 -79.635145
611 -70.059071
612 -81.174720
613 -73.308541
614 -71.197272
615 -79.932931
616 -87.076410
617 -80.412426
618 -84.509830
619 -81.484039
620 -73.064366
621 -89.640017
622 -88.503808
623 -80.928746
624 -78.511148
625 -79.362072
626 -79.075028
627 -86.354569
628 -72.256410
629 -83.929311
630 -84.672213
631 -79.153536
632 -85.523325
633 -78.249560
634 -79.195288
635 -75.969023
636 -77.610254
637 -83.525740
638 -81.447698
639 -68.720073
640 -89.238168
641 -85.000151
642 -94.118789
643 -74.103083
644 -68.823691
645 -79.718170
646 -87.780454
647 -96.808355
648 -89.463989
649 -78.289624
650 -73.129130
651 -86.137539
652 -77.249101
653 -79.225247
654 -72.989953
655 -82.596631
656 -89.897794
657 -89.968479
658 -79.514475
659 -67.139582
660 -66.768914
661 -82.480626
662 -80.679788
663 -82.005105
664 -77.436337
665 -84.089927
666 -80.125872
667 -74.021151
668 -83.695401
669 -89.536443
670 -79.592482
671 -68.356642
672 -75.028397
673 -78.215574
674 -74.728184
675 -82.445160
676 -87.477909
677 -93.855193
678 -70.207318
679 -79.837696
680 -82.941394
681 -68.205070
682 -78.707156
683 -66.925444
684 -61.729173
685 -59.989204
686 -79.974030
687 -70.688187
688 -73.621151
689 -80.703558
690 -82.948260
691 -84.520044
692 -75.272549
693 -76.329076
694 -78.262517
695 -76.741207
696 -81.540210
697 -73.659531
698 -77.058787
699 -77.613497
700 -84.734789
701 -84.477592
702 -88.784552
703 -81.460069
704 -83.723334
705 -67.268615
706 -82.999245
707 -76.759871
708 -69.698419
709 -70.223900
710 -71.215684
711 -79.722087
712 -94.454276
713 -90.912522
714 -64.340489
715 -92.224235
716 -74.669570
717 -80.966213
718 -70.620067
719 -74.454548
720 -81.155566
721 -78.986471
722 -79.119246
723 -83.506316
724 -68.466082
725 -80.518524
726 -76.969292
727 -76.173365
728 -77.871755
729 -83.746973
730 -76.680227
731 -80.823002
732 -88.375705
733 -73.887721
734 -68.260311
735 -74.095836
736 -71.962199
737 -60.461622
738 -82.982527
739 -73.542245
740 -75.273741
741 -71.666746
742 -77.393884
743 -69.872480
744 -76.880824
745 -83.825726
746 -77.001221
747 -72.163532
748 -78.486603
749 -89.430606
750 -69.180103
751 -76.810663
752 -77.725581
753 -74.510125
754 -73.476049
755 -71.937477
756 -64.405996
757 -79.258818
758 -75.292376
759 -71.327158
760 -84.143903
761 -79.449188
762 -82.807585
763 -80.622348
764 -72.618287
765 -78.969594
766 -69.855765
767 -80.550710
768 -73.303151
769 -70.220762
770 -73.348094
771 -79.926207
772 -84.520273
773 -74.868316
774 -69.291905
775 -68.821373
776 -57.325141
777 -75.952846
778 -74.370463
779 -61.136842
780 -59.331606
781 -74.954882
782 -78.414189
783 -62.632645
784 -86.232082
785 -78.590045
786 -67.352025
787 -67.875543
788 -67.274662
789 -71.708745
790 -63.918082
791 -86.103926
792 -64.077865
793 -83.923339
794 -80.315269
795 -81.013396
796 -78.208946
797 -83.976428
798 -79.112130
799 -84.470425
800 -78.398102
801 -57.613901
802 -84.194991
803 -78.775197
804 -72.860382
805 -62.260556
806 -76.524145
807 -79.698666
808 -62.398247
809 -73.242508
810 -75.161984
811 -93.645248
812 -67.048757
813 -73.638226
814 -77.434528
815 -86.458621
816 -94.025705
817 -75.971586
818 -77.944251
819 -75.133192
820 -82.023948
821 -76.396685
822 -77.118395
823 -79.031144
824 -62.926648
825 -73.904203
826 -60.315665
827 -71.075852
828 -75.418607
829 -85.816499
830 -74.112517
831 -81.638033
832 -78.935169
833 -77.868435
834 -64.116251
835 -79.838565
836 -71.098392
837 -74.272151
838 -72.431714
839 -77.658449
840 -66.685821
841 -76.710439
842 -83.824737
843 -72.093332
844 -71.691167
845 -73.624303
846 -81.185480
847 -69.771170
848 -89.549651
849 -62.317199
850 -78.724913
851 -83.361959
852 -81.648071
853 -77.651434
854 -75.910367
855 -71.890204
856 -63.711564
857 -74.949226
858 -61.284372
859 -71.821768
860 -76.356991
861 -83.990077
862 -89.797143
863 -83.163654
864 -90.539948
865 -76.060328
866 -82.809169
867 -78.534770
868 -87.443377
869 -74.866835
870 -78.001928
871 -73.881478
872 -84.743002
873 -80.424078
874 -56.650725
875 -78.443075
876 -69.131613
877 -71.486765
878 -76.378608
879 -82.198164
880 -73.797371
881 -70.761095
882 -78.038593
883 -85.738505
884 -74.385392
885 -83.875508
886 -79.653820
887 -79.762299
888 -80.556827
889 -78.956349
890 -73.447652
891 -76.498108
892 -78.446762
893 -78.807635
894 -72.256874
895 -74.138886
896 -70.220760
897 -72.885518
898 -82.674357
899 -77.926089
900 -77.577144
901 -68.397671
902 -76.296491
903 -71.965134
904 -59.246062
905 -75.796964
906 -70.113061
907 -81.968205
908 -85.063382
909 -67.412959
910 -73.534724
911 -75.343965
912 -76.467058
913 -91.683712
914 -85.865953
915 -59.222474
916 -81.363446
917 -81.962327
918 -72.245840
919 -61.150958
920 -70.236222
921 -83.899720
922 -70.581497
923 -81.782638
924 -58.857591
925 -91.704465
926 -74.581898
927 -86.414272
928 -84.812696
929 -76.795476
930 -67.498946
931 -69.969823
932 -75.538811
933 -75.125428
934 -77.154775
935 -81.764456
936 -82.465082
937 -75.285978
938 -69.654349
939 -79.222621
940 -70.679870
941 -73.828707
942 -83.522713
943 -70.176689
944 -84.472000
945 -85.585718
946 -71.959542
947 -59.521657
948 -67.627638
949 -73.836124
950 -79.745589
951 -68.567068
952 -74.174076
953 -85.135406
954 -73.251966
955 -72.467933
956 -64.477498
957 -74.138389
958 -65.424810
959 -73.874848
960 -70.644138
961 -80.609337
962 -81.850690
963 -80.274231
964 -65.879904
965 -67.524803
966 -75.268067
967 -71.706493
968 -85.118222
969 -78.145423
970 -82.605284
971 -83.111454
972 -67.561559
973 -80.546381
974 -59.912664
975 -61.839379
976 -74.504871
977 -76.593042
978 -82.089275
979 -69.457767
980 -81.015152
981 -79.621177
982 -83.410598
983 -66.575216
984 -82.904018
985 -77.623603
986 -74.779022
987 -72.434536
988 -87.715306
989 -75.947469
990 -68.101459
991 -84.001660
992 -79.103402
993 -75.929319
994 -85.863461
995 -76.417244
996 -78.568682
997 -82.761583
998 -74.151199
999 -68.640325
1000 -79.615579
1001 -78.529393
1002 -73.145828
1003 -79.363755
1004 -91.438001
1005 -74.066882
1006 -83.964330
1007 -73.929655
1008 -80.997059
1009 -80.938806
1010 -81.272721
1011 -76.121059
1012 -87.457480
1013 -81.684149
1014 -80.882686
1015 -80.220371
1016 -90.403324
1017 -83.945417
1018 -89.838454
1019 -76.485433
1020 -72.132295
1021 -70.837273
1022 -79.013997
1023 -85.475195
1024 -79.386286
1025 -82.049354
1026 -77.363573
1027 -80.216760
1028 -85.737598
1029 -73.039347
1030 -69.728446
1031 -70.103702
1032 -62.001224
1033 -79.406005
1034 -99.781271
1035 -75.403444
1036 -86.764968
1037 -72.398824
1038 -80.430514
1039 -84.138090
1040 -82.870532
1041 -71.893992
1042 -84.454485
1043 -73.822946
1044 -82.876313
1045 -78.149301
1046 -86.413842
1047 -86.221619
1048 -79.637320
1049 -71.048353
1050 -87.780213
1051 -76.551546
1052 -92.474340
1053 -78.207370
1054 -94.226793
1055 -90.732650
1056 -76.398984
1057 -69.628592
1058 -76.226384
1059 -103.472509
1060 -84.453198
1061 -88.811793
1062 -78.597159
1063 -86.385063
1064 -82.010761
1065 -82.102106
1066 -68.824503
1067 -85.268467
1068 -70.201158
1069 -80.911095
1070 -87.480582
1071 -75.383265
1072 -86.200250
1073 -75.932159
1074 -79.559052
1075 -75.535812
1076 -63.397744
1077 -75.753962
1078 -90.115884
1079 -83.851348
1080 -96.170033
1081 -82.513534
1082 -90.634325
1083 -77.594205
1084 -74.848344
1085 -77.694292
1086 -65.431447
1087 -85.648713
1088 -85.880998
1089 -91.080853
1090 -88.150903
1091 -72.000867
1092 -89.198727
1093 -85.876848
1094 -71.972028
1095 -71.155724
1096 -73.691259
1097 -86.030841
1098 -81.144457
1099 -76.609662
1100 -89.378350
1101 -81.113989
1102 -89.778407
1103 -83.600179
1104 -69.292827
1105 -78.228754
1106 -78.331030
1107 -72.073260
1108 -84.679082
1109 -74.267916
1110 -81.981077
1111 -82.264288
1112 -77.865599
1113 -79.347634
1114 -83.218042
1115 -82.356550
1116 -69.037907
1117 -68.673576
1118 -82.521882
1119 -79.920314
1120 -85.544328
1121 -73.867900
1122 -74.476320
1123 -83.018296
1124 -81.370417
1125 -78.638636
1126 -66.802020
1127 -78.312705
1128 -78.713397
1129 -62.591693
1130 -81.494404
1131 -86.665936
1132 -69.656010
1133 -93.110077
1134 -75.259703
1135 -76.538706
1136 -80.768517
1137 -79.084574
1138 -82.072678
1139 -73.924468
1140 -79.211200
1141 -81.165656
1142 -68.310622
1143 -80.153612
1144 -84.014058
1145 -73.899887
1146 -81.969382
1147 -82.659487
1148 -89.605990
1149 -76.025027
1150 -76.525772
1151 -78.354428
1152 -80.406550
1153 -79.556214
1154 -64.439069
1155 -69.219251
1156 -80.390653
1157 -85.738040
1158 -96.829788
1159 -82.785308
1160 -83.487872
1161 -75.115560
1162 -79.086850
1163 -81.602816
1164 -73.413887
1165 -83.147317
1166 -68.651953
1167 -85.846043
1168 -85.581997
1169 -81.891523
1170 -70.672865
1171 -80.542288
1172 -87.868265
1173 -72.125369
1174 -64.567476
1175 -88.001501
1176 -79.530412
1177 -94.660570
1178 -63.611053
1179 -89.150848
1180 -83.364311
1181 -79.589319
1182 -80.600731
1183 -70.961866
1184 -82.877858
1185 -77.651336
1186 -79.401263
1187 -72.515994
1188 -88.913207
1189 -80.460553
1190 -87.581178
1191 -78.436561
1192 -82.324463
1193 -79.753856
1194 -74.048855
1195 -93.339285
1196 -83.037643
1197 -79.729513
1198 -83.815340
1199 -85.574525
1200 -79.622354
1201 -71.159765
1202 -80.157154
1203 -81.666822
1204 -74.947399
1205 -79.506875
1206 -79.215125
1207 -80.779174
1208 -88.238757
1209 -92.084558
1210 -66.414894
1211 -82.142566
1212 -77.247892
1213 -62.164597
1214 -77.861860
1215 -67.691715
1216 -79.863570
1217 -78.975509
1218 -74.597946
1219 -69.216936
1220 -75.999426
1221 -57.474653
1222 -70.219661
1223 -87.867987
1224 -69.198724
1225 -68.162435
1226 -66.181384
1227 -73.737519
1228 -79.021457
1229 -68.890219
1230 -91.688329
1231 -66.253636
1232 -59.455618
1233 -54.564965
1234 -76.730081
1235 -74.900326
1236 -78.420529
1237 -71.252420
1238 -74.807210
1239 -65.915875
1240 -64.279617
1241 -64.403500
1242 -86.267571
1243 -75.656437
1244 -51.260355
1245 -74.957846
1246 -61.423247
1247 -85.059958
1248 -79.589505
1249 -59.735759
1250 -60.765938
1251 -69.661999
1252 -73.361906
1253 -82.855992
1254 -76.558138
1255 -73.891468
1256 -74.169348
1257 -74.662346
1258 -80.390343
1259 -70.096342
1260 -68.853460
1261 -71.152711
1262 -80.751924
1263 -67.879054
1264 -82.427089
1265 -67.000973
1266 -68.107947
1267 -83.223772
1268 -84.929941
1269 -80.565561
1270 -86.177759
1271 -80.390010
1272 -68.295267
1273 -60.919137
1274 -69.919249
1275 -70.096739
1276 -65.852263
1277 -82.015414
1278 -73.093293
1279 -71.566525
1280 -79.605371
1281 -70.118477
1282 -76.526209
1283 -67.015437
1284 -57.465819
1285 -62.506395
1286 -82.507417
1287 -70.474113
1288 -79.947486
1289 -68.646472
1290 -66.361901
1291 -60.362723
1292 -70.046858
1293 -64.468892
1294 -79.416362
1295 -66.025094
1296 -83.285862
1297 -71.775268
1298 -63.376132
1299 -67.226726
1300 -67.865771
1301 -79.375179
1302 -71.290684
1303 -80.308713
1304 -72.648304
1305 -68.711224
1306 -75.131606
1307 -83.209037
1308 -77.637055
1309 -75.680392
1310 -71.962500
1311 -69.937683
1312 -82.364858
1313 -66.358618
1314 -73.118976
1315 -66.945541
1316 -69.307761
1317 -59.593667
1318 -73.360037
1319 -78.759212
1320 -87.235915
1321 -74.736965
1322 -77.200054
1323 -79.095905
1324 -71.711454
1325 -69.377239
1326 -68.643836
1327 -68.177264
1328 -76.137279
1329 -74.628714
1330 -67.313493
1331 -80.207210
1332 -84.830413
1333 -74.285872
1334 -76.313450
1335 -86.043707
1336 -72.710671
1337 -79.357900
1338 -78.857927
1339 -72.845033
1340 -64.854627
1341 -77.515505
1342 -82.794735
1343 -79.249611
1344 -76.383948
1345 -81.945785
1346 -78.397090
1347 -81.925050
1348 -83.837736
1349 -69.645157
1350 -78.828872
1351 -72.000868
1352 -79.656881
1353 -69.122531
1354 -68.808599
1355 -93.069029
1356 -81.108182
1357 -69.401464
1358 -89.505067
1359 -65.026159
1360 -79.423550
1361 -91.563630
1362 -85.964091
1363 -77.213086
1364 -74.021532
1365 -74.748546
1366 -81.804152
1367 -73.932303
1368 -77.689577
1369 -87.736645
1370 -68.134232
1371 -77.756405
1372 -76.911092
1373 -59.766405
1374 -70.669028
1375 -71.697158
1376 -79.216016
1377 -80.775451
1378 -79.214589
1379 -71.792548
1380 -81.933234
1381 -67.844179
1382 -75.856674
1383 -73.866705
1384 -72.062337
1385 -81.168608
1386 -82.771370
1387 -79.178084
1388 -82.282096
1389 -68.100368
1390 -74.218484
1391 -75.669091
1392 -87.179199
1393 -72.667083
1394 -69.851681
1395 -84.385201
1396 -62.788472
1397 -70.268429
1398 -71.522795
1399 -75.130755
1400 -66.024531
1401 -85.765723
1402 -67.099108
1403 -85.957832
1404 -59.852267
1405 -79.363041
1406 -80.168402
1407 -80.406613
1408 -80.441367
1409 -83.454878
1410 -78.856578
1411 -64.724273
1412 -83.007836
1413 -80.991135
1414 -83.074686
1415 -72.649572
1416 -67.235905
1417 -73.757414
1418 -64.668952
1419 -71.004017
1420 -98.155841
1421 -68.333536
1422 -75.271336
1423 -73.151559
1424 -79.117770
1425 -83.490287
1426 -74.103428
1427 -71.331819
1428 -68.202463
1429 -82.095164
1430 -79.806304
1431 -63.402675
1432 -77.270991
1433 -76.024889
1434 -69.148141
1435 -77.701581
1436 -69.521394
1437 -81.202201
1438 -74.124907
1439 -91.974190
1440 -57.326392
1441 -71.295367
1442 -81.267448
1443 -86.574903
1444 -85.362868
1445 -80.745230
1446 -84.639185
1447 -67.523172
1448 -79.840596
1449 -67.489361
1450 -74.756637
1451 -62.204445
1452 -78.314489
1453 -83.079788
1454 -78.540309
1455 -86.914270
1456 -79.268803
1457 -70.685156
1458 -75.037010
1459 -78.066791
1460 -75.122468
1461 -73.953966
1462 -80.546588
1463 -81.869467
1464 -84.051654
1465 -73.633696
1466 -88.361771
1467 -83.307590
1468 -79.338738
1469 -75.365172
1470 -76.906018
1471 -76.638355
1472 -76.715104
1473 -68.878560
1474 -71.181988
1475 -69.155565
1476 -62.736858
1477 -74.398687
1478 -79.357960
1479 -69.391389
1480 -61.723446
1481 -75.115511
1482 -68.558411
1483 -74.853296
1484 -71.555904
1485 -91.831702
1486 -72.319633
1487 -76.210539
1488 -92.848677
1489 -78.497240
1490 -63.841926
1491 -69.962285
1492 -63.934362
1493 -85.958293
1494 -72.665728
1495 -80.711186
1496 -65.718689
1497 -55.737530
1498 -65.299627
1499 -69.322565
1500 -81.422194
1501 -79.733743
1502 -88.262184
1503 -76.277658
1504 -64.223019
1505 -69.599400
1506 -83.215425
1507 -84.909213
1508 -75.876059
1509 -75.336621
1510 -68.998262
1511 -75.486757
1512 -77.446799
1513 -77.081845
1514 -77.277207
1515 -74.079589
1516 -77.875115
1517 -74.398435
1518 -70.589262
1519 -68.310149
1520 -81.314011
1521 -74.947271
1522 -70.461018
1523 -74.371037
1524 -75.675883
1525 -82.927591
1526 -74.343418
1527 -77.062051
1528 -74.199972
1529 -76.857951
1530 -48.331551
1531 -77.298602
1532 -55.265852
1533 -63.756567
1534 -83.418472
1535 -71.011082
1536 -76.046867
1537 -66.652336
1538 -76.127485
1539 -59.087533
1540 -69.425674
1541 -70.797625
1542 -77.741956
1543 -75.855049
1544 -65.753598
1545 -72.640125
1546 -58.569246
1547 -64.299645
1548 -63.811988
1549 -81.278351
1550 -83.036347
1551 -81.231110
1552 -73.078968
1553 -78.217505
1554 -67.811575
1555 -74.788125
1556 -65.671082
1557 -73.266710
1558 -80.058429
1559 -65.508104
1560 -74.485309
1561 -66.255606
1562 -83.078084
1563 -69.019866
1564 -79.388358
1565 -69.300926
1566 -72.716224
1567 -84.766346
1568 -78.624362
1569 -74.713740
1570 -77.629440
1571 -63.177767
1572 -68.501946
1573 -82.440945
1574 -88.385464
1575 -68.417705
1576 -54.920819
1577 -70.321775
1578 -72.506637
1579 -66.394457
1580 -81.285759
1581 -69.534381
1582 -80.900855
1583 -76.436490
1584 -68.786605
1585 -78.312116
1586 -79.898352
1587 -67.014418
1588 -64.906825
1589 -71.621197
1590 -69.718936
1591 -79.024633
1592 -80.194443
1593 -60.871926
1594 -69.093067
1595 -77.439586
1596 -68.347293
1597 -58.576790
1598 -84.349134
1599 -67.328689
1600 -65.206362
1601 -70.609293
1602 -73.829708
1603 -70.805232
1604 -60.033432
1605 -72.767579
1606 -69.709172
1607 -76.421697
1608 -59.724138
1609 -60.738198
1610 -59.495372
1611 -79.051647
1612 -70.225173
1613 -70.817932
1614 -91.718526
1615 -75.564431
1616 -54.563751
1617 -68.550701
1618 -61.008358
1619 -78.670215
1620 -77.619441
1621 -81.411442
1622 -82.571622
1623 -71.464181
1624 -69.964822
1625 -79.435032
1626 -81.027781
1627 -68.454646
1628 -76.754942
1629 -77.003335
1630 -78.333824
1631 -88.997021
1632 -72.821748
1633 -85.373177
1634 -69.906420
1635 -76.284563
1636 -55.535419
1637 -68.186937
1638 -69.598761
1639 -67.204433
1640 -85.803195
1641 -75.143711
1642 -77.084154
1643 -73.467971
1644 -69.465897
1645 -75.424850
1646 -66.788392
1647 -72.605356
1648 -57.249433
1649 -68.041983
1650 -66.563700
1651 -87.925381
1652 -75.370024
1653 -73.773412
1654 -79.369723
1655 -70.200710
1656 -76.538548
1657 -68.097821
1658 -64.523273
1659 -80.105912
1660 -67.817809
1661 -72.931132
1662 -78.603519
1663 -72.622716
1664 -72.290033
1665 -73.616123
1666 -63.063468
1667 -69.171000
1668 -72.138475
1669 -60.447466
1670 -89.316092
1671 -72.210948
1672 -79.475753
1673 -75.436457
1674 -81.998908
1675 -85.140667
1676 -93.985637
1677 -61.471926
1678 -86.815737
1679 -87.950875
1680 -75.423470
1681 -67.495912
1682 -89.868134
1683 -88.541043
1684 -75.403471
1685 -74.209146
1686 -66.202248
1687 -87.843633
1688 -74.102342
1689 -86.823108
1690 -80.412156
1691 -85.666471
1692 -85.991209
1693 -82.178895
1694 -77.066204
1695 -86.599170
1696 -83.246540
1697 -71.662263
1698 -80.532082
1699 -74.266082
1700 -83.011109
1701 -76.603815
1702 -80.957485
1703 -72.738293
1704 -62.294384
1705 -84.240361
1706 -73.833502
1707 -65.567400
1708 -64.526714
1709 -68.147821
1710 -73.764259
1711 -64.944025
1712 -80.004122
1713 -73.286230
1714 -78.598180
1715 -77.289152
1716 -65.194100
1717 -77.503591
1718 -88.534427
1719 -86.820328
1720 -72.605402
1721 -78.551495
1722 -72.757046
1723 -76.778491
1724 -73.382626
1725 -75.467471
1726 -70.729777
1727 -76.557191
1728 -62.766969
1729 -80.335528
1730 -84.761059
1731 -70.753304
1732 -76.117332
1733 -67.961088
1734 -76.225842
1735 -85.419691
1736 -82.082158
1737 -67.903010
1738 -64.724595
1739 -73.728934
1740 -78.618743
1741 -70.486145
1742 -71.272371
1743 -57.457303
1744 -76.918469
1745 -69.123823
1746 -76.069375
1747 -68.989482
1748 -76.498842
1749 -73.279294
1750 -72.895845
1751 -64.639950
1752 -79.363545
1753 -75.963381
1754 -71.416601
1755 -68.815341
1756 -77.399258
1757 -67.156130
1758 -60.324007
1759 -82.893982
1760 -69.713383
1761 -77.189834
1762 -75.432506
1763 -82.174277
1764 -75.678052
1765 -66.644982
1766 -67.188857
1767 -53.739069
1768 -56.487988
1769 -74.175758
1770 -71.928518
1771 -58.678577
1772 -71.521878
1773 -88.222905
1774 -77.136241
1775 -71.352578
1776 -81.103620
1777 -72.704835
1778 -63.081907
1779 -74.898100
1780 -80.578913
1781 -75.144736
1782 -77.600410
1783 -73.103330
1784 -80.296357
1785 -68.022992
1786 -70.732443
1787 -70.261378
1788 -69.993981
1789 -71.744493
1790 -78.713568
1791 -79.230420
1792 -76.534059
1793 -77.828187
1794 -71.322985
1795 -53.861480
1796 -78.876852
1797 -82.123783
1798 -69.544809
1799 -70.625092
1800 -87.614406
1801 -74.677375
1802 -82.948946
1803 -81.598088
1804 -66.648537
1805 -77.343668
1806 -80.033390
1807 -80.654344
1808 -87.043061
1809 -79.012196
1810 -82.962778
1811 -87.605071
1812 -55.755378
1813 -70.568551
1814 -77.550898
1815 -74.093441
1816 -68.880314
1817 -67.276708
1818 -76.042496
1819 -77.821860
1820 -77.652687
1821 -78.350836
1822 -76.461844
1823 -81.558024
1824 -78.025276
1825 -67.080773
1826 -78.556579
1827 -81.072438
1828 -65.463843
1829 -74.630096
1830 -66.793716
1831 -68.231689
1832 -68.704743
1833 -72.115148
1834 -80.542285
1835 -82.399586
1836 -70.712841
1837 -73.481042
1838 -87.948532
1839 -72.201648
1840 -72.574953
1841 -72.117975
1842 -85.754151
1843 -77.569658
1844 -71.485686
1845 -68.463404
1846 -67.644040
1847 -75.686061
1848 -82.644105
1849 -73.623576
1850 -85.114861
1851 -88.766877
1852 -76.436732
1853 -72.523290
1854 -89.918051
1855 -80.702109
1856 -96.784375
1857 -89.053662
1858 -76.974699
1859 -90.321289
1860 -80.754448
1861 -87.705834
1862 -75.780476
1863 -75.438446
1864 -73.436346
1865 -71.669249
1866 -78.178834
1867 -71.143053
1868 -85.860016
1869 -82.074342
1870 -74.084434
1871 -88.044085
1872 -86.791063
1873 -75.282458
1874 -78.523905
1875 -79.727409
1876 -78.681370
1877 -68.400269
1878 -65.933552
1879 -76.785888
1880 -90.579618
1881 -68.464674
1882 -70.885402
1883 -67.799305
1884 -77.470737
1885 -71.712196
1886 -87.080239
1887 -73.697073
1888 -73.826603
1889 -84.203532
1890 -73.320436
1891 -78.625687
1892 -71.076301
1893 -67.727182
1894 -80.081520
1895 -72.573748
1896 -77.066600
1897 -71.682777
1898 -86.188925
1899 -59.813127
1900 -80.777168
1901 -76.015766
1902 -70.994806
1903 -83.591194
1904 -65.270095
1905 -80.580611
1906 -74.185776
1907 -74.837180
1908 -72.706046
1909 -70.688952
1910 -67.543604
1911 -66.006548
1912 -80.766148
1913 -76.989614
1914 -87.229943
1915 -73.184501
1916 -70.503602
1917 -72.014643
1918 -71.724711
1919 -83.317014
1920 -74.461282
1921 -87.159665
1922 -72.058442
1923 -77.156695
1924 -64.187318
1925 -84.567195
1926 -67.236635
1927 -81.418216
1928 -66.987929
1929 -89.569789
1930 -75.409119
1931 -75.755247
1932 -68.375101
1933 -76.664662
1934 -72.012957
1935 -69.447040
1936 -87.578813
1937 -61.964710
1938 -59.177936
1939 -79.630514
1940 -72.714828
1941 -85.473285
1942 -75.875807
1943 -82.489592
1944 -71.350277
1945 -69.306231
1946 -70.747646
1947 -79.819372
1948 -75.055282
1949 -69.452125
1950 -80.128236
1951 -82.017012
1952 -83.435501
1953 -76.510437
1954 -82.629727
1955 -68.128342
1956 -67.937066
1957 -65.540863
1958 -65.308994
1959 -58.460399
1960 -74.835050
1961 -85.674355
1962 -74.495700
1963 -70.999556
1964 -59.901236
1965 -77.636036
1966 -74.493058
1967 -74.513391
1968 -76.321312
1969 -83.394444
1970 -73.058094
1971 -79.742397
1972 -73.599940
1973 -74.875977
1974 -60.944095
1975 -74.091443
1976 -82.440956
1977 -75.441536
1978 -70.157065
1979 -74.782397
1980 -76.879854
1981 -66.386699
1982 -72.843295
1983 -62.676933
1984 -68.629490
1985 -75.022690
1986 -57.106037
1987 -59.091533
1988 -75.618067
1989 -80.647007
1990 -61.437053
1991 -67.148675
1992 -73.400525
1993 -71.395648
1994 -77.234640
1995 -78.022739
1996 -63.517029
1997 -60.711352
1998 -65.720016
1999 -57.588670
2000 -68.046373
2001 -69.932106
2002 -61.684097
2003 -75.900761
2004 -65.724143
2005 -75.591453
2006 -71.977072
2007 -75.691215
2008 -75.711201
2009 -68.677955
2010 -79.696487
2011 -72.900246
2012 -82.658456
2013 -50.863866
2014 -68.627419
2015 -71.861220
2016 -70.606730
2017 -75.215835
2018 -69.470754
2019 -61.074897
2020 -74.859301
2021 -75.416535
2022 -79.505768
2023 -68.649692
2024 -70.026070
2025 -75.998106
2026 -72.712523
2027 -72.775245
2028 -70.260746
2029 -80.384092
2030 -72.167354
2031 -78.024238
2032 -66.692200
2033 -81.578327
2034 -83.238061
2035 -72.100209
2036 -65.777688
2037 -72.719934
2038 -76.126944
2039 -70.808657
2040 -78.353259
2041 -74.162743
2042 -72.545084
2043 -75.521188
2044 -75.233300
2045 -60.907377
2046 -81.392927
2047 -74.639574
2048 -74.388382
2049 -68.184037
2050 -72.360162
2051 -71.099175
2052 -82.700829
2053 -81.469125
2054 -71.787522
2055 -58.911991
2056 -71.505193
2057 -79.085896
2058 -66.491935
2059 -73.657282
2060 -76.938732
2061 -84.191222
2062 -72.327730
2063 -70.845005
2064 -76.049739
2065 -78.333980
2066 -69.853572
2067 -83.850044
2068 -51.718441
2069 -71.012538
2070 -78.582790
2071 -70.805306
2072 -70.161880
2073 -76.722692
2074 -77.809355
2075 -65.263759
2076 -71.717721
2077 -75.678994
2078 -70.172033
2079 -66.071495
2080 -68.104578
2081 -78.109000
2082 -74.277095
2083 -59.405312
2084 -68.806940
2085 -68.908458
2086 -72.881856
2087 -70.115041
2088 -66.943272
2089 -67.966314
2090 -66.578244
2091 -69.204249
2092 -78.179462
2093 -68.385863
2094 -70.415240
2095 -77.280280
2096 -74.739610
2097 -70.673483
2098 -75.805849
2099 -79.029771
2100 -77.963853
2101 -74.217163
2102 -72.632147
2103 -82.810161
2104 -63.942667
2105 -78.776072
2106 -80.455864
2107 -74.141839
2108 -75.688058
2109 -64.699477
2110 -90.691508
2111 -59.700656
2112 -99.352348
2113 -93.607932
2114 -66.311813
2115 -98.595849
2116 -88.317927
2117 -80.117300
2118 -80.812537
2119 -93.158521
2120 -66.196628
2121 -84.165412
2122 -77.011721
2123 -89.099994
2124 -76.733305
2125 -78.730346
2126 -79.381996
2127 -55.068388
2128 -76.454545
2129 -74.683572
2130 -81.919629
2131 -89.566265
2132 -66.694033
2133 -71.021019
2134 -75.115007
2135 -75.908487
2136 -75.956270
2137 -74.429231
2138 -67.423159
2139 -73.937666
2140 -65.206295
2141 -66.319662
2142 -75.462835
2143 -67.748952
2144 -60.178612
2145 -56.922038
2146 -68.512018
2147 -71.276799
2148 -72.460121
2149 -72.068499
2150 -70.011713
2151 -70.933429
2152 -75.640621
2153 -95.826409
2154 -76.097394
2155 -61.943052
2156 -73.567029
2157 -76.911169
2158 -60.082508
2159 -64.288855
2160 -76.987938
2161 -67.486633
2162 -68.234317
2163 -76.317957
2164 -70.091277
2165 -80.223699
2166 -72.892404
2167 -73.279335
2168 -67.356980
2169 -81.558910
2170 -72.704545
2171 -76.014375
2172 -87.351094
2173 -80.079005
2174 -74.616961
2175 -68.401050
2176 -77.173431
2177 -86.741717
2178 -67.465550
2179 -92.432104
2180 -76.896977
2181 -82.382585
2182 -83.557529
2183 -95.018111
2184 -77.535679
2185 -75.162047
2186 -83.146733
2187 -74.183284
2188 -76.171216
2189 -82.525058
2190 -78.936080
2191 -85.710236
2192 -80.035082
2193 -83.849298
2194 -70.866317
2195 -82.568034
2196 -71.443343
2197 -84.932769
2198 -82.717683
2199 -78.496731
2200 -75.330651
2201 -75.383159
2202 -75.035516
2203 -76.346356
2204 -72.631808
2205 -70.025219
2206 -83.578542
2207 -74.073592
2208 -83.863868
2209 -61.549932
2210 -80.100534
2211 -83.613935
2212 -82.243404
2213 -78.695363
2214 -80.276567
2215 -77.889246
2216 -79.970403
2217 -68.637346
2218 -73.184050
2219 -72.402362
2220 -87.360887
2221 -75.957727
2222 -82.662910
2223 -79.489809
2224 -71.969870
2225 -74.853774
2226 -76.209218
2227 -77.149982
2228 -69.584444
2229 -69.355375
2230 -77.128173
2231 -68.397067
2232 -72.978489
2233 -72.409681
2234 -79.703962
2235 -78.134574
2236 -68.826785
2237 -69.871629
2238 -71.970384
2239 -87.706084
2240 -83.020678
2241 -80.656395
2242 -72.280274
2243 -87.100654
2244 -81.380583
2245 -74.102233
2246 -70.037230
2247 -75.890227
2248 -79.744714
2249 -76.023863
2250 -84.733713
2251 -75.694664
2252 -76.372409
2253 -73.543012
2254 -84.679024
2255 -60.998872
2256 -88.798886
2257 -68.827043
2258 -78.986634
2259 -73.068104
2260 -93.471996
2261 -72.993591
2262 -84.770744
2263 -80.607325
2264 -81.901062
2265 -65.075528
2266 -75.733373
2267 -76.207658
2268 -75.356082
2269 -75.833854
2270 -67.859554
2271 -56.927457
2272 -74.451658
2273 -56.153456
2274 -73.672951
2275 -66.481855
2276 -65.490797
2277 -67.971960
2278 -74.619530
2279 -73.091442
2280 -75.941436
2281 -66.746853
2282 -64.723790
2283 -78.447596
2284 -74.862536
2285 -82.416185
2286 -75.514288
2287 -72.071179
2288 -74.578142
2289 -80.146469
2290 -73.264666
2291 -71.215543
2292 -77.969231
2293 -56.125798
2294 -80.746715
2295 -71.009510
2296 -82.515315
2297 -74.509575
2298 -77.796317
2299 -80.016258
2300 -79.871285
2301 -79.692147
2302 -81.494277
2303 -66.531961
2304 -82.335486
2305 -75.030018
2306 -75.426242
2307 -66.720707
2308 -76.978017
2309 -68.472885
2310 -61.317059
2311 -70.825753
2312 -80.887957
2313 -78.325910
2314 -70.000783
2315 -55.711839
2316 -58.346692
2317 -72.274893
2318 -71.095475
2319 -91.444418
2320 -85.751770
2321 -66.816201
2322 -65.522909
2323 -70.501303
2324 -75.787698
2325 -72.117776
2326 -73.444638
2327 -69.841186
2328 -75.477336
2329 -67.748104
2330 -63.795184
2331 -86.402312
2332 -65.380215
2333 -81.123541
2334 -89.767281
2335 -63.436354
2336 -78.762697
2337 -66.111874
2338 -53.155578
2339 -72.926102
2340 -69.176466
2341 -51.206926
2342 -67.659303
2343 -80.705834
2344 -63.186896
2345 -70.609367
2346 -79.107932
2347 -84.346478
2348 -69.208074
2349 -72.131332
2350 -73.123471
2351 -78.071901
2352 -72.371639
2353 -69.874068
2354 -63.403776
2355 -81.014287
2356 -75.671992
2357 -84.381518
2358 -76.003993
2359 -56.652757
2360 -76.982292
2361 -68.225283
2362 -75.124179
2363 -69.575572
2364 -66.848290
2365 -61.631236
2366 -73.441910
2367 -80.791481
2368 -71.812258
2369 -73.476775
2370 -72.796637
2371 -72.801223
2372 -80.394268
2373 -61.315338
2374 -79.366259
2375 -88.499261
2376 -75.398324
2377 -75.557319
2378 -78.689554
2379 -76.438185
2380 -71.632427
2381 -80.526043
2382 -75.379644
2383 -60.741306
2384 -69.785970
2385 -65.546839
2386 -70.706502
2387 -68.580722
2388 -77.239020
2389 -79.397024
2390 -73.721360
2391 -87.987724
2392 -80.537983
2393 -68.337838
2394 -77.369596
2395 -76.397557
2396 -72.227241
2397 -69.797690
2398 -80.349574
2399 -73.206921
2400 -75.283314
2401 -63.619734
2402 -75.613263
2403 -74.917013
2404 -76.648900
2405 -72.549241
2406 -81.825881
2407 -74.496329
2408 -74.056570
2409 -76.916664
2410 -69.243609
2411 -62.147184
2412 -68.383298
2413 -64.848105
2414 -76.383762
2415 -76.468026
2416 -58.752066
2417 -73.836221
2418 -74.050176
2419 -72.694100
2420 -77.947231
2421 -79.377893
2422 -73.161354
2423 -63.616611
2424 -77.125881
2425 -66.567608
2426 -83.579687
2427 -83.753517
2428 -82.054614
2429 -81.277688
2430 -72.349699
2431 -75.021964
2432 -79.014533
2433 -60.972280
2434 -76.732066
2435 -78.171388
2436 -70.261605
2437 -81.936180
2438 -76.500700
2439 -82.050846
2440 -63.339851
2441 -65.243283
2442 -66.252967
2443 -88.052608
2444 -82.321683
2445 -64.554533
2446 -75.610010
2447 -81.245952
2448 -70.834495
2449 -79.612450
2450 -83.595928
2451 -80.747950
2452 -76.849159
2453 -85.220532
2454 -89.081080
2455 -74.802405
2456 -68.419919
2457 -77.619389
2458 -74.013258
2459 -75.243752
2460 -76.406880
2461 -72.625848
2462 -81.445400
2463 -77.024068
2464 -70.117178
2465 -78.619607
2466 -90.521078
2467 -85.609651
2468 -75.595743
2469 -63.288250
2470 -82.507242
2471 -75.502680
2472 -85.076727
2473 -76.488328
2474 -83.220376
2475 -75.157960
2476 -73.168232
2477 -78.277226
2478 -81.239408
2479 -77.352852
2480 -87.920032
2481 -70.217944
2482 -61.248024
2483 -69.915798
2484 -76.690123
2485 -75.123932
2486 -76.981046
2487 -72.580997
2488 -75.775390
2489 -76.802936
2490 -77.800616
2491 -81.882209
2492 -61.641669
2493 -73.266590
2494 -83.956594
2495 -84.234482
2496 -75.179086
2497 -80.151137
2498 -66.385794
2499 -68.108142
2500 -88.931821
2501 -82.905054
2502 -85.212451
2503 -88.408822
2504 -74.783669
2505 -74.986754
2506 -81.217643
2507 -52.347677
2508 -79.789385
2509 -64.589120
2510 -69.035244
2511 -69.985275
2512 -67.990028
2513 -79.518100
2514 -78.713230
2515 -70.342515
2516 -71.884382
2517 -84.146953
2518 -76.295996
2519 -86.415398
2520 -72.586800
2521 -77.649137
2522 -69.220302
2523 -73.796730
2524 -75.980329
2525 -72.510540
2526 -70.715892
2527 -58.680578
2528 -82.821872
2529 -75.622821
2530 -74.097278
2531 -79.362323
2532 -67.714851
2533 -78.335763
2534 -76.481250
2535 -70.415068
2536 -73.342868
2537 -73.950992
2538 -71.057421
2539 -70.947473
2540 -66.954282
2541 -75.230580
2542 -89.508810
2543 -64.181112
2544 -76.111423
2545 -68.958087
2546 -67.605571
2547 -76.410756
2548 -62.440966
2549 -67.230328
2550 -71.666059
2551 -70.763576
2552 -75.931265
2553 -64.940060
2554 -74.763447
2555 -102.202385
2556 -75.547280
2557 -64.115352
2558 -76.074670
2559 -74.364797
2560 -70.308018
2561 -86.893097
2562 -71.876609
2563 -87.012261
2564 -74.322611
2565 -65.663515
2566 -69.227520
2567 -57.948850
2568 -61.987939
2569 -83.482267
2570 -78.418049
2571 -75.979320
2572 -55.300348
2573 -75.802393
2574 -80.780307
2575 -68.687535
2576 -65.202470
2577 -74.828838
2578 -80.078245
2579 -62.216266
2580 -76.536545
2581 -68.089438
2582 -74.292156
2583 -74.052898
2584 -69.813606
2585 -63.987540
2586 -61.635424
2587 -69.420301
2588 -64.913478
2589 -72.753386
2590 -60.155542
2591 -75.783417
2592 -71.078099
2593 -67.881099
2594 -67.832907
2595 -72.534141
2596 -64.790982
2597 -62.008170
2598 -76.860424
2599 -76.443289
2600 -70.978687
2601 -69.092235
2602 -68.345551
2603 -71.795319
2604 -50.477817
2605 -69.206288
2606 -55.056940
2607 -62.529203
2608 -64.940808
2609 -73.860641
2610 -79.396940
2611 -67.221574
2612 -61.321048
2613 -58.647262
2614 -71.977438
2615 -56.168753
2616 -67.345698
2617 -76.247163
2618 -68.216570
2619 -68.545825
2620 -68.337051
2621 -67.786760
2622 -66.163829
2623 -65.888267
2624 -54.044487
2625 -60.692928
2626 -60.135169
2627 -55.457672
2628 -44.394091
2629 -43.190746
2630 -56.075277
2631 -42.302495
2632 -64.480962
2633 -57.644036
2634 -60.560589
2635 -64.187053
2636 -69.194804
2637 -71.933651
2638 -64.128311
2639 -64.379188
2640 -56.520818
2641 -49.175264
2642 -61.184022
2643 -49.842904
2644 -57.482714
2645 -48.975887
2646 -67.445321
2647 -59.534411
2648 -64.246665
2649 -70.400338
2650 -58.352094
2651 -55.682611
2652 -53.725329
2653 -65.248421
2654 -65.468888
2655 -62.998130
2656 -61.389026
2657 -50.541956
2658 -49.391050
2659 -42.507119
2660 -62.033327
2661 -53.069289
2662 -50.408611
2663 -44.659107
2664 -39.924793
2665 -51.694084
2666 -55.413295
2667 -61.235336
2668 -60.121256
2669 -54.535065
2670 -62.299051
2671 -71.590121
2672 -65.052969
2673 -54.586298
2674 -79.127472
2675 -62.760651
2676 -57.589242
2677 -65.509585
2678 -58.352733
2679 -61.659296
2680 -58.903081
2681 -64.259714
2682 -74.672721
2683 -65.205458
2684 -59.671794
2685 -70.763776
2686 -66.669795
2687 -52.637374
2688 -52.984754
2689 -68.077933
2690 -49.307322
2691 -69.647841
2692 -57.108043
2693 -63.171625
2694 -62.936482
2695 -64.162817
2696 -57.356076
2697 -59.194065
2698 -53.590777
2699 -52.931467
2700 -64.691166
2701 -51.333845
2702 -71.880436
2703 -59.175044
2704 -65.515689
2705 -53.295521
2706 -65.699887
2707 -57.109726
2708 -49.399690
2709 -62.606000
2710 -60.210190
2711 -59.864156
2712 -53.410413
2713 -53.769585
2714 -52.349907
2715 -65.241209
2716 -57.509430
2717 -47.590580
2718 -63.081598
2719 -52.186833
2720 -68.927660
2721 -76.004162
2722 -54.413634
2723 -59.413352
2724 -71.116364
2725 -49.534461
2726 -57.174800
2727 -69.629171
2728 -50.504291
2729 -64.633263
2730 -58.425792
2731 -49.954925
2732 -48.415180
2733 -70.734981
2734 -56.159685
2735 -48.970732
2736 -52.690604
2737 -43.057977
2738 -69.656210
2739 -53.875907
2740 -62.094092
2741 -51.664251
2742 -57.445191
2743 -50.610691
2744 -56.447796
2745 -64.931761
2746 -73.117037
2747 -50.411587
2748 -63.895243
2749 -56.598069
2750 -63.686990
2751 -55.780629
2752 -57.086999
2753 -57.741458
2754 -60.460818
2755 -64.061893
2756 -53.678086
2757 -61.235880
2758 -70.026300
2759 -74.756476
2760 -60.946156
2761 -68.542526
2762 -71.202931
2763 -49.457657
2764 -56.707752
2765 -53.299850
2766 -62.444469
2767 -57.426128
2768 -44.644684
2769 -49.259188
2770 -59.471204
2771 -50.867976
2772 -58.244762
2773 -56.952595
2774 -66.525143
2775 -68.479538
2776 -41.347865
2777 -43.056231
2778 -59.779334
2779 -39.984035
2780 -58.611111
2781 -62.393630
2782 -43.053879
2783 -43.457679
2784 -56.731974
2785 -50.870456
2786 -52.752393
2787 -48.603693
2788 -58.260943
2789 -44.980607
2790 -66.152655
2791 -51.374484
2792 -47.951175
2793 -48.553918
2794 -59.787413
2795 -62.717734
2796 -41.104978
2797 -54.056589
2798 -32.081388
2799 -50.787338
2800 -53.134518
2801 -50.331068
2802 -50.392289
2803 -42.940557
2804 -40.630242
2805 -43.226091
2806 -37.816825
2807 -38.516165
2808 -37.453912
2809 -44.730019
2810 -41.698303
2811 -34.616587
2812 -50.574798
2813 -27.068621
2814 -20.871841
2815 -17.794994
2816 -17.871294
2817 -27.774830
2818 -18.829220
2819 -24.496618
2820 -25.862946
2821 -16.585575
2822 -26.293914
2823 -25.463667
2824 -30.491451
2825 -26.586037
2826 -37.109648
2827 -19.095998
2828 -27.053011
2829 -42.204466
2830 -34.029458
2831 -37.242912
2832 -43.849412
2833 -35.140453
2834 -44.825368
2835 -23.161963
2836 -23.331464
2837 -43.460238
2838 -34.334783
2839 -37.835153
2840 -42.492568
2841 -38.010122
2842 -36.738210
2843 -29.659086
2844 -35.425645
2845 -28.231557
2846 -32.485695
2847 -20.892032
2848 -24.906903
2849 -32.055860
2850 -28.984471
2851 -38.975339
2852 -25.829894
2853 -11.393357
2854 -26.095601
2855 -26.323429
2856 -28.206312
2857 -24.088769
2858 -29.288822
2859 -24.270174
2860 -20.834260
2861 -26.285087
2862 -24.091052
2863 -27.698949
2864 -32.106300
2865 -32.254212
2866 -17.734059
2867 -26.239120
2868 -24.222315
2869 -22.679338
2870 -27.405037
2871 -25.781545
2872 -30.926618
2873 -32.841204
2874 -28.599916
2875 -23.054458
2876 -26.783254
2877 -13.370180
2878 -26.088560
2879 -26.588000
2880 -32.329270
2881 -28.178949
2882 -31.063418
2883 -26.778316
2884 -34.799630
2885 -42.142492
2886 -33.207247
2887 -30.968004
2888 -32.883062
2889 -33.316375
2890 -31.666536
2891 -30.422310
2892 -22.271089
2893 -31.198376
2894 -23.628079
2895 -25.850116
2896 -33.305741
2897 -21.396061
2898 -36.739962
2899 -38.008513
2900 -42.621847
2901 -41.116048
2902 -29.007571
2903 -36.303255
2904 -40.009893
2905 -30.810034
2906 -23.046114
2907 -16.636309
2908 -21.252087
2909 -22.664549
2910 -24.302328
2911 -24.450187
2912 -17.414175
2913 -26.658517
2914 -18.430560
2915 -27.880555
2916 -21.594110
2917 -19.297358
2918 -25.136400
2919 -26.173439
2920 -32.692574
2921 -20.855830
2922 -21.652837
2923 -19.591199
2924 -25.181586
2925 -11.414153
2926 -24.333221
2927 -21.510740
2928 -20.961175
2929 -25.109112
2930 -0.940897
2931 -18.068600
2932 -17.741341
2933 -31.754217
2934 -33.863058
2935 -28.160226
2936 -24.750812
2937 -30.888096
2938 -30.971983
2939 -24.131053
2940 -21.146694
2941 -29.673784
2942 -22.814895
2943 -27.904897
2944 -20.870634
2945 -30.021311
2946 -17.592966
2947 -33.050952
2948 -41.375416
2949 -28.777447
2950 -20.911661
2951 -18.080991
2952 -30.271120
2953 -25.773302
2954 -30.287324
2955 -45.134188
2956 -24.272717
2957 -23.447803
2958 -30.017807
2959 -30.645364
2960 -20.704582
2961 -21.123966
2962 -22.268537
2963 -26.680493
2964 -26.661349
2965 -25.116439
2966 -28.513963
2967 -29.822355
2968 -29.945514
2969 -27.926317
2970 -32.324950
2971 -36.303790
2972 -41.654554
2973 -28.318554
2974 -27.307104
2975 -33.195865
2976 -35.231300
2977 -9.762118
2978 -33.233932
2979 -26.893460
2980 -34.004863
2981 -21.018357
2982 -32.623635
2983 -20.872002
2984 -34.959479
2985 -24.638697
2986 -27.370777
2987 -28.235651
2988 -25.910618
2989 -23.963966
2990 -31.389827
2991 -28.058113
2992 -36.837069
2993 -33.755074
2994 -26.636566
2995 -36.989465
2996 -31.664769
2997 -34.098252
2998 -34.738010
2999 -20.062398
3000 -34.851535
3001 -27.524706
3002 -20.909816
3003 -29.305690
3004 -25.133455
3005 -41.195152
3006 -36.641990
3007 -30.565657
3008 -27.358919
3009 -37.421201
3010 -31.196015
3011 -28.911116
3012 -24.310682
3013 -32.230929
3014 -30.317174
3015 -34.097611
3016 -38.498554
3017 -28.858962
3018 -21.077189
3019 -27.737330
3020 -26.105846
3021 -27.547103
3022 -19.720289
3023 -24.320964
3024 -27.710817
3025 -23.606974
3026 -23.086868
3027 -21.713816
3028 -26.073395
3029 -19.219976
3030 -29.644927
3031 -30.059337
3032 -21.016853
3033 -30.485995
3034 -23.031480
3035 -30.150915
3036 -29.027456
3037 -29.778302
3038 -31.589478
3039 -22.660954
3040 -29.389297
3041 -31.031603
3042 -26.236483
3043 -23.070995
3044 -28.718986
3045 -25.344607
3046 -17.180657
3047 -21.069827
3048 -29.397160
3049 -21.888393
3050 -13.519416
3051 -32.388650
3052 -30.861726
3053 -33.552468
3054 -17.616202
3055 -31.448957
3056 -24.244338
3057 -27.163011
3058 -39.265889
3059 -24.028083
3060 -30.695384
3061 -11.052649
3062 -34.737917
3063 -29.876227
3064 -23.400484
3065 -28.092691
3066 -28.616234
3067 -29.940699
3068 -17.132782
3069 -38.947812
3070 -29.288600
3071 -27.354953
3072 -14.909424
3073 -33.648988
3074 -19.858952
3075 -39.872712
3076 -33.061636
3077 -27.968827
3078 -30.101460
3079 -26.295740
3080 -28.542653
3081 -29.056145
3082 -32.489722
3083 -30.790025
3084 -26.260821
3085 -31.891226
3086 -34.171171
3087 -30.458323
3088 -25.498561
3089 -22.518606
3090 -29.299200
3091 -24.073385
3092 -22.255099
3093 -24.646972
3094 -35.629192
3095 -16.844478
3096 -20.610840
3097 -17.861921
3098 -35.824353
3099 -23.994002
3100 -23.935967
3101 -30.312456
3102 -32.533647
3103 -31.094707
3104 -37.738693
3105 -31.431579
3106 -29.357370
3107 -35.823484
3108 -33.286289
3109 -23.440941
3110 -26.204810
3111 -24.309263
3112 -16.875086
3113 -32.891402
3114 -27.797965
3115 -19.386810
3116 -28.255846
3117 -35.507658
3118 -32.775339
3119 -32.580506
3120 -21.193759
3121 -19.993861
3122 -25.912814
3123 -25.797944
3124 -41.134073
3125 -23.398202
3126 -34.304562
3127 -22.609668
3128 -31.948956
3129 -32.847878
3130 -14.916416
3131 -21.073614
3132 -24.277206
3133 -23.696440
3134 -28.270594
3135 -35.625714
3136 -23.003246
3137 -32.018499
3138 -26.324864
3139 -16.737185
3140 -28.680142
3141 -19.462857
3142 -21.479928
3143 -23.291325
3144 -20.336850
3145 -31.160333
3146 -26.010948
3147 -24.187157
3148 -27.973240
3149 -28.651924
3150 -24.123062
3151 -32.682617
3152 -22.538201
3153 -24.276850
3154 -36.789811
3155 -24.316446
3156 -20.421992
3157 -33.509062
3158 -27.761861
3159 -20.281083
3160 -28.894522
3161 -33.908429
3162 -13.682395
3163 -27.170353
3164 -27.082556
3165 -27.564026
3166 -23.702629
3167 -37.988463
3168 -21.454631
3169 -20.450403
3170 -27.260289
3171 -19.790516
3172 -34.750007
3173 -1.718283
3174 -33.814209
3175 -16.959304
3176 -33.303786
3177 -12.070756
3178 -26.152535
3179 -23.444000
3180 -26.015438
3181 -25.033501
3182 -22.148320
3183 -13.751890
3184 -27.056856
3185 -35.098077
3186 -19.306915
3187 -24.195897
3188 -21.946127
3189 -22.106695
3190 -33.341505
3191 -26.576683
3192 -33.390475
3193 -29.547107
3194 -23.752756
3195 -40.087019
3196 -21.599976
3197 -24.362948
3198 -33.001281
3199 -30.006099
3200 -15.989646
3201 -30.167230
3202 -21.722041
3203 -16.552757
3204 -32.907827
3205 -19.804470
3206 -28.904605
3207 -21.271712
3208 -35.998607
3209 -27.722886
3210 -25.421477
3211 -39.197051
3212 -35.300109
3213 -21.942005
3214 -31.820862
3215 -32.510009
3216 -26.922911
3217 -30.756004
3218 -17.697756
3219 -27.325948
3220 -23.158445
3221 -29.241746
3222 -16.904731
3223 -30.263733
3224 -22.472334
3225 -31.501556
3226 -31.693119
3227 -21.843271
3228 -18.060617
3229 -25.981343
3230 -29.591108
3231 -35.939084
3232 -23.683576
3233 -29.841338
3234 -25.930954
3235 -21.472198
3236 -35.588752
3237 -25.268116
3238 -27.434104
3239 -28.162205
3240 -28.672798
3241 -25.318694
3242 -25.318154
3243 -22.635637
3244 -33.251840
3245 -27.029559
3246 -31.370111
3247 -28.335896
3248 -28.263927
3249 -17.824136
3250 -29.087423
3251 -24.991032
3252 -25.367388
3253 -26.629225
3254 -25.626899
3255 -26.227563
3256 -20.078214
3257 -29.370254
3258 -18.898857
3259 -36.165008
3260 -38.625726
3261 -23.001055
3262 -26.004344
3263 -23.418252
3264 -33.423979
3265 -35.725014
3266 -40.948905
3267 -23.214628
3268 -30.278485
3269 -29.652924
3270 -15.130054
3271 -33.867644
3272 -33.475705
3273 -26.112591
3274 -23.985846
3275 -26.149753
3276 -27.669496
3277 -26.270631
3278 -31.310317
3279 -23.579339
3280 -28.011992
3281 -39.336526
3282 -16.000038
3283 -24.933779
3284 -25.916606
3285 -30.239814
3286 -27.773203
3287 -25.024237
3288 -29.447833
3289 -34.467994
3290 -36.575536
3291 -19.335730
3292 -27.559380
3293 -24.398589
3294 -36.087929
3295 -24.687789
3296 -21.080938
3297 -27.846886
3298 -32.611821
3299 -30.204350
3300 -27.562764
3301 -18.192380
3302 -27.378170
3303 -40.676455
3304 -33.834889
3305 -31.178945
3306 -21.117075
3307 -23.571895
3308 -44.339347
3309 -32.237703
3310 -24.710407
3311 -27.024612
3312 -29.369296
3313 -31.461644
3314 -27.152428
3315 -24.822274
3316 -27.589041
3317 -17.922496
3318 -20.401950
3319 -26.129591
3320 -20.297353
3321 -16.432683
3322 -26.874164
3323 -32.355889
3324 -25.331513
3325 -43.314932
3326 -19.880728
3327 -28.263283
3328 -27.588073
3329 -27.970870
3330 -19.558544
3331 -31.992361
3332 -11.391347
3333 -27.704049
3334 -33.382678
3335 -33.245774
3336 -22.026042
3337 -19.505086
3338 -20.686318
3339 -35.662886
3340 -22.289073
3341 -30.211066
3342 -23.095030
3343 -29.808179
3344 -18.377028
3345 -27.642406
3346 -23.629883
3347 -24.668268
3348 -27.128888
3349 -32.422309
3350 -22.533074
3351 -25.234464
3352 -18.689097
3353 -42.328598
3354 -19.944976
3355 -40.728226
3356 -25.708664
3357 -20.373106
3358 -26.490075
3359 -25.100266
3360 -26.227903
3361 -17.770653
3362 -24.078990
3363 -26.273467
3364 -28.730832
3365 -27.285680
3366 -22.327654
3367 -24.436824
3368 -19.928230
3369 -24.928620
3370 -29.510412
3371 -24.092186
3372 -22.438002
3373 -21.199084
3374 -19.705576
3375 -24.860389
3376 -6.374012
3377 -26.118568
3378 -25.954548
3379 -15.647759
3380 -25.857327
3381 -21.596554
3382 -28.638746
3383 -3.110730
3384 -19.396138
3385 -20.036855
3386 -31.741373
3387 -18.134518
3388 -26.972209
3389 -30.649779
3390 -44.788229
3391 -35.325310
3392 -27.550440
3393 -25.183759
3394 -25.336584
3395 -30.811312
3396 -28.058712
3397 -19.966322
3398 -36.631288
3399 -24.395994
3400 -26.276855
3401 -24.248194
3402 -34.168436
3403 -24.358709
3404 -24.599745
3405 -27.251758
3406 -22.288957
3407 -23.205517
3408 -27.234951
3409 -27.214549
3410 -21.422452
3411 -21.545914
3412 -13.409273
3413 -32.975435
3414 -21.454034
3415 -27.415994
3416 -16.268448
3417 -15.532413
3418 -19.279009
3419 -18.170417
3420 -23.774869
3421 -31.798968
3422 -25.651121
3423 -35.645594
3424 -29.393740
3425 -29.842810
3426 -23.946129
3427 -26.340376
3428 -26.736890
3429 -29.839651
3430 -34.238408
3431 -35.842985
3432 -22.350690
3433 -24.706780
3434 -23.593510
3435 -32.710916
3436 -40.091275
3437 -46.921297
3438 -44.322380
3439 -27.883284
3440 -34.103896
3441 -43.909303
3442 -37.414852
3443 -41.771481
3444 -51.478653
3445 -46.519597
3446 -40.921967
3447 -33.654949
3448 -47.223889
3449 -43.456638
3450 -35.431740
3451 -33.072207
3452 -46.349091
3453 -28.541397
3454 -34.577188
3455 -38.761558
3456 -38.776313
3457 -42.467444
3458 -43.867145
3459 -43.927545
3460 -39.197428
3461 -41.023776
3462 -52.514060
3463 -36.575142
3464 -31.280329
3465 -40.264427
3466 -39.106766
3467 -39.153472
3468 -28.997523
3469 -35.916851
3470 -38.292449
3471 -36.150397
3472 -43.101343
3473 -29.398037
3474 -46.762260
3475 -34.120464
3476 -39.187480
3477 -39.912442
3478 -40.326078
3479 -43.286002
3480 -34.374911
3481 -40.218840
3482 -39.047375
3483 -44.408502
3484 -42.201963
3485 -38.217842
3486 -35.858642
3487 -40.074504
3488 -27.131854
3489 -32.804350
3490 -50.332493
3491 -37.421993
3492 -34.667714
3493 -43.749138
3494 -43.887753
3495 -38.408060
3496 -35.175452
3497 -28.502339
3498 -40.108825
3499 -44.324086
3500 -29.162217
3501 -38.438541
3502 -37.368869
3503 -34.584080
3504 -35.254070
3505 -42.694747
3506 -30.425284
3507 -45.559859
3508 -40.678830
3509 -39.578770
3510 -38.745877
3511 -32.727951
3512 -38.392924
3513 -44.393969
3514 -30.218237
3515 -47.157130
3516 -44.860321
3517 -35.225904
3518 -41.314462
3519 -42.449802
3520 -31.572655
3521 -31.353577
3522 -28.298865
3523 -39.460982
3524 -29.652736
3525 -39.023030
3526 -29.530083
3527 -39.430631
3528 -36.319412
3529 -49.286564
3530 -38.252328
3531 -41.001488
3532 -33.476855
3533 -41.567128
3534 -43.984781
3535 -37.565538
3536 -32.092751
3537 -35.905226
3538 -37.584147
3539 -28.895584
3540 -33.541585
3541 -31.418339
3542 -33.542486
3543 -46.107006
3544 -40.086981
3545 -38.496146
3546 -31.116162
3547 -25.695203
3548 -43.448234
3549 -32.082667
3550 -37.624747
3551 -38.716003
3552 -35.067821
3553 -36.078888
3554 -37.468495
3555 -27.679973
3556 -34.674183
3557 -28.639392
3558 -37.721895
3559 -32.364303
3560 -48.762879
3561 -34.737484
3562 -40.596538
3563 -33.690431
3564 -21.241444
3565 -40.863900
3566 -37.970810
3567 -26.257890
3568 -37.793816
3569 -43.179323
3570 -30.327781
3571 -38.894719
3572 -44.240133
3573 -25.839527
3574 -31.606259
3575 -37.670240
3576 -29.801140
3577 -40.813595
3578 -37.342882
3579 -37.254789
3580 -43.837991
3581 -41.302850
3582 -37.207777
3583 -31.733921
3584 -31.104098
3585 -30.888988
3586 -30.935785
3587 -37.494310
3588 -27.405823
3589 -33.515925
3590 -25.446159
3591 -19.331874
3592 -32.902246
3593 -34.007134
3594 -34.495745
3595 -31.074895
3596 -32.505345
3597 -24.987015
3598 -34.804306
3599 -29.106710
3600 -29.611937
3601 -34.178125
3602 -43.454025
3603 -36.734632
3604 -36.071113
3605 -43.462925
3606 -43.055572
3607 -30.361781
3608 -34.632598
3609 -34.655027
3610 -43.146349
3611 -43.758952
3612 -32.844502
3613 -36.581047
3614 -39.522572
3615 -40.488986
3616 -27.728087
3617 -27.321116
3618 -32.675980
3619 -29.495638
3620 -36.134302
3621 -33.848791
3622 -36.728351
3623 -33.307453
3624 -34.643676
3625 -33.982540
3626 -33.489394
3627 -33.028496
3628 -35.428937
3629 -33.864767
3630 -24.875842
3631 -34.005578
3632 -35.881955
3633 -35.082507
3634 -26.404932
3635 -40.327626
3636 -39.333163
3637 -35.090490
3638 -27.360970
3639 -33.606418
3640 -34.881666
3641 -36.353851
3642 -38.568247
3643 -31.909735
3644 -27.936242
3645 -36.883244
3646 -41.090769
3647 -40.632136
3648 -32.123730
3649 -38.620435
3650 -42.962247
3651 -31.494820
3652 -33.859426
3653 -37.374348
3654 -33.427675
3655 -32.540434
3656 -41.977764
3657 -45.911699
3658 -45.301253
3659 -36.418190
3660 -40.571968
3661 -41.131489
3662 -38.241040
3663 -22.711427
3664 -34.275424
3665 -45.956511
3666 -41.222273
3667 -41.615208
3668 -41.092386
3669 -31.166506
3670 -27.614810
3671 -42.686241
3672 -29.576018
3673 -31.545307
3674 -33.334263
3675 -41.885460
3676 -44.620701
3677 -44.633525
3678 -42.673119
3679 -39.872687
3680 -38.304520
3681 -44.506335
3682 -45.888231
3683 -34.854065
3684 -33.842701
3685 -38.128756
3686 -34.290487
3687 -43.774743
3688 -40.942681
3689 -37.827072
3690 -27.993589
3691 -37.012501
3692 -46.238030
3693 -40.017815
3694 -37.408731
3695 -43.337829
3696 -36.083025
3697 -56.674561
3698 -50.397150
3699 -36.577835
3700 -36.094517
3701 -49.919732
3702 -34.476002
3703 -38.080771
3704 -40.508876
3705 -47.749584
3706 -31.719256
3707 -39.609235
3708 -35.688597
3709 -32.916322
3710 -42.855827
3711 -31.825156
3712 -34.366201
3713 -28.624780
3714 -42.004406
3715 -36.527691
3716 -47.987696
3717 -35.126658
3718 -42.366527
3719 -39.902974
3720 -39.232835
3721 -31.250036
3722 -35.974164
3723 -37.937278
3724 -35.347551
3725 -26.656144
3726 -34.638293
3727 -34.812698
3728 -36.274701
3729 -30.869803
3730 -32.483819
3731 -40.435417
3732 -35.832765
3733 -39.378376
3734 -45.001846
3735 -27.368625
3736 -32.785927
3737 -34.576712
3738 -41.528784
3739 -40.075606
3740 -46.340119
3741 -43.058495
3742 -53.597027
3743 -40.726303
3744 -40.906139
3745 -36.236131
3746 -41.170670
3747 -44.948383
3748 -44.954185
3749 -42.181681
3750 -42.213502
3751 -35.646184
3752 -44.896987
3753 -48.125620
3754 -48.538758
3755 -42.221015
3756 -41.158710
3757 -50.982116
3758 -37.422703
3759 -32.811639
3760 -43.465333
3761 -39.000704
3762 -45.388306
3763 -37.908452
3764 -40.253898
3765 -36.353594
3766 -49.470855
3767 -34.679390
3768 -33.511047
3769 -43.842012
3770 -32.618773
3771 -42.145249
3772 -30.307419
3773 -37.852651
3774 -42.108906
3775 -30.360383
3776 -42.071240
3777 -45.112360
3778 -35.795170
3779 -53.118713
3780 -30.298274
3781 -17.176284
3782 -24.809996
3783 -26.326901
3784 -21.265089
3785 -14.299143
3786 -20.764791
3787 -24.360581
3788 -24.471182
3789 -30.627771
3790 -22.707959
3791 -21.013452
3792 -20.626796
3793 -25.842280
3794 -28.380796
3795 -25.039817
3796 -20.542826
3797 -11.526199
3798 -24.679938
3799 -29.097110
3800 -41.118025
3801 -44.293238
3802 -34.048187
3803 -27.992417
3804 -23.631989
3805 -25.230094
3806 -28.679456
3807 -20.701875
3808 -20.795535
3809 -25.999390
3810 -15.531167
3811 -27.744532
3812 -26.292673
3813 -24.767964
3814 -22.988961
3815 -31.967001
3816 -29.340990
3817 -28.967421
3818 -28.744037
3819 -35.340971
3820 -30.253409
3821 -34.092810
3822 -25.074087
3823 -23.745614
3824 -28.275253
3825 -34.369232
3826 -29.497184
3827 -27.301508
3828 -32.337037
3829 -32.830027
3830 -38.681938
3831 -39.561796
3832 -30.325519
3833 -22.234089
3834 -22.851644
3835 -30.791054
3836 -26.226763
3837 -22.464374
3838 -38.296307
3839 -36.292315
3840 -38.354736
3841 -34.002904
3842 -29.633660
3843 -31.904915
3844 -26.935721
3845 -28.618321
3846 -28.150706
3847 -25.356106
3848 -22.711696
3849 -31.268051
3850 -24.206538
3851 -36.810369
3852 -29.393874
3853 -23.807859
3854 -27.372174
3855 -31.504328
3856 -33.087664
3857 -34.896161
3858 -25.337464
3859 -38.356077
3860 -38.305159
3861 -21.527448
3862 -38.087873
3863 -37.886303
3864 -44.832972
3865 -27.136295
3866 -23.662734
3867 -22.050139
3868 -27.730296
3869 -21.899594
3870 -25.176390
3871 -28.980138
3872 -25.451294
3873 -22.060492
3874 -17.529848
3875 -33.668512
3876 -36.664468
3877 -32.450970
3878 -30.520859
3879 -28.843282
3880 -29.035846
3881 -29.553389
3882 -31.086362
3883 -36.703822
3884 -17.368355
3885 -40.072897
3886 -25.294564
3887 -28.405381
3888 -26.927048
3889 -20.952401
3890 -32.459728
3891 -12.061943
3892 -29.099138
3893 -27.108871
3894 -28.367826
3895 -37.253704
3896 -21.806361
3897 -32.074698
3898 -16.798640
3899 -22.687350
3900 -23.906278
3901 -28.829475
3902 -25.979959
3903 -26.988536
3904 -28.548733
3905 -29.954730
3906 -29.940368
3907 -25.309010
3908 -12.053570
3909 -21.146040
3910 -16.894686
3911 -31.814034
3912 -19.502629
3913 -35.108751
3914 -19.589716
3915 -23.014591
3916 -31.052682
3917 -38.308769
3918 -35.108227
3919 -38.672324
3920 -28.966160
3921 -20.995418
3922 -24.561429
3923 -19.532304
3924 -28.093976
3925 -35.190829
3926 -24.740904
3927 -26.625188
3928 -31.550929
3929 -26.492821
3930 -28.064244
3931 -25.936869
3932 -24.810367
3933 -34.385071
3934 -23.108075
3935 -21.493788
3936 -30.119940
3937 -39.905119
3938 -11.023057
3939 -31.237550
3940 -41.888239
3941 -27.117089
3942 -32.706493
3943 -28.232506
3944 -29.835035
3945 -37.008680
3946 -30.062582
3947 -37.439335
3948 -30.600830
3949 -19.119754
3950 -16.236758
3951 -25.041198
3952 -24.118646
3953 -13.165043
3954 -23.653919
3955 -23.557728
3956 -19.925638
3957 -17.391545
3958 -25.296067
3959 -20.287279
3960 -24.870689
3961 -20.123559
3962 -17.993950
3963 -35.658100
3964 -20.525379
3965 -34.371142
3966 -9.063394
3967 -23.663716
3968 -25.331807
3969 -19.718029
3970 -21.160478
3971 -19.719496
3972 -14.457720
3973 -19.112963
3974 -28.622471
3975 -23.455386
3976 -13.867606
3977 -28.074663
3978 -26.979872
3979 -24.094525
3980 -17.929991
3981 -23.908927
3982 -37.557911
3983 -15.399166
3984 -9.995612
3985 -26.682052
3986 -20.999404
3987 -21.759676
3988 -22.302873
3989 -25.990588
3990 -18.208707
3991 -22.360596
3992 -25.816070
3993 -24.291913
3994 -10.082828
3995 -14.670606
3996 -28.660790
3997 -26.372391
3998 -30.295274
3999 -35.208808
4000 -25.171065
4001 -23.929699
4002 -23.726023
4003 -19.954124
4004 -17.053967
4005 -22.022528
4006 -25.425336
4007 -35.851488
4008 -28.022923
4009 -27.347051
4010 -26.176858
4011 -34.919396
4012 -15.368524
4013 -18.857108
4014 -33.681952
4015 -22.855560
4016 -26.083936
4017 -38.213833
4018 -28.219829
4019 -27.546729
4020 -28.587580
4021 -25.947918
4022 -33.911938
4023 -32.799980
4024 -30.013625
4025 -36.848087
4026 -30.255005
4027 -21.078773
4028 -24.770765
4029 -26.182805
4030 -23.954343
4031 -29.541021
4032 -31.176907
4033 -32.229918
4034 -29.989929
4035 -35.086718
4036 -21.682285
4037 -25.056746
4038 -13.938333
4039 -27.951350
4040 -16.578452
4041 -17.090142
4042 -21.307630
4043 -12.005613
4044 -22.046947
4045 -28.493334
4046 -15.933131
4047 -12.951409
4048 -25.004010
4049 -25.176484
4050 -20.883540
4051 -28.387125
4052 -27.974003
4053 -19.680735
4054 -22.973326
4055 -16.099540
4056 -24.102539
4057 -34.834324
4058 -18.241135
4059 -18.143530
4060 -19.871324
4061 -18.977732
4062 -19.998835
4063 -26.181393
4064 -20.933252
4065 -27.091406
4066 -24.020426
4067 -28.599651
4068 -16.142982
4069 -22.903813
4070 -20.759801
4071 -25.974072
4072 -25.615486
4073 -26.569694
4074 -23.033989
4075 -19.724707
4076 -22.949998
4077 -20.916496
4078 -25.182378
4079 -8.661937
4080 -19.483910
4081 -13.713915
4082 -16.450825
4083 -17.809334
4084 -29.893104
4085 -19.154114
4086 -30.981367
4087 -18.658820
4088 -14.510827
4089 -23.260359
4090 -21.819159
4091 -21.161134
4092 -14.639093
4093 -20.212928
4094 -20.236083
4095 -16.287512
4096 -20.590972
4097 -17.297554
4098 -14.990771
4099 -28.694839
4100 -17.939432
4101 -16.288027
4102 -16.552857
4103 -22.899458
4104 -21.821329
4105 -24.620321
4106 -38.049986
4107 -27.191661
4108 -38.147184
4109 -25.826826
4110 -23.124155
4111 -19.093756
4112 -25.960870
4113 -28.448716
4114 -30.782334
4115 -33.809350
4116 -13.346352
4117 -21.264537
4118 -29.273309
4119 -19.010230
4120 -19.179909
4121 -23.151858
4122 -19.027229
4123 -27.039079
4124 -29.408997
4125 -29.053562
4126 -13.224983
4127 -25.800568
4128 -34.273433
4129 -30.976744
4130 -33.869613
4131 -32.720601
4132 -21.001596
4133 -33.787104
4134 -28.868956
4135 -29.853396
4136 -32.076728
4137 -28.605146
4138 -20.891649
4139 -20.598891
4140 -21.856610
4141 -8.790838
4142 -37.428155
4143 -29.341681
4144 -28.329266
4145 -35.379839
4146 -36.966038
4147 -33.002531
4148 -29.379580
4149 -38.917769
4150 -36.354801
4151 -30.260415
4152 -34.103460
4153 -45.119151
4154 -29.328995
4155 -25.904243
4156 -31.840962
4157 -32.876810
4158 -24.820426
4159 -42.857029
4160 -31.912373
4161 -33.815142
4162 -35.830462
4163 -38.150162
4164 -34.534143
4165 -28.144380
4166 -22.262940
4167 -31.456410
4168 -29.558840
4169 -24.476274
4170 -29.249614
4171 -26.979932
4172 -29.782014
4173 -27.442108
4174 -24.325524
4175 -25.691600
4176 -22.929457
4177 -26.068552
4178 -27.138107
4179 -39.905670
4180 -24.008605
4181 -26.856114
4182 -34.681391
4183 -22.498506
4184 -20.827808
4185 -20.730323
4186 -27.787515
4187 -19.908281
4188 -25.276354
4189 -27.087724
4190 -34.030991
4191 -29.063216
4192 -33.169738
4193 -26.498291
4194 -29.617530
4195 -29.346420
4196 -37.176858
4197 -25.813719
4198 -27.500920
4199 -30.022041
4200 -33.704302
4201 -23.899887
4202 -20.714507
4203 -39.321023
4204 -30.527134
4205 -23.068510
4206 -29.636678
4207 -30.111138
4208 -17.575894
4209 -17.335870
4210 -20.960745
4211 -40.788745
4212 -37.387837
4213 -36.301213
4214 -27.966550
4215 -38.137160
4216 -24.316652
4217 -23.826344
4218 -10.795032
4219 -22.523850
4220 -28.811043
4221 -31.681192
4222 -30.812889
4223 -18.079775
4224 -26.337955
4225 -22.617646
4226 -11.526882
4227 -24.432649
4228 -19.371758
4229 -24.028812
4230 -24.769722
4231 -21.924434
4232 -20.054114
4233 -27.993886
4234 -25.241553
4235 -27.826962
4236 -19.101683
4237 -20.104938
4238 -24.685304
4239 -24.275070
4240 -20.354874
4241 -29.048392
4242 -33.337622
4243 -21.334508
4244 -26.077262
4245 -29.057015
4246 -36.849033
4247 -28.189745
4248 -25.217783
4249 -30.799706
4250 -26.083481
4251 -35.469730
4252 -19.252896
4253 -36.088331
4254 -33.198797
4255 -30.425341
4256 -16.816910
4257 -28.977865
4258 -32.942029
4259 -33.115134
4260 -27.490052
4261 -33.425477
4262 -19.630955
4263 -26.809902
4264 -33.498441
4265 -20.385943
4266 -36.107940
4267 -37.134210
4268 -26.639149
4269 -23.027564
4270 -24.605802
4271 -20.380225
4272 -24.077619
4273 -15.093641
4274 -7.363440
4275 -28.537676
4276 -30.133168
4277 -23.549473
4278 -22.970059
4279 -15.744370
4280 -25.229331
4281 -22.586574
4282 -14.106944
4283 -21.294097
4284 -10.388839
4285 -16.467985
4286 -26.952912
4287 -21.431394
4288 -27.069082
4289 -25.359754
4290 -15.878301
4291 -14.197302
4292 -23.170801
4293 -33.500108
4294 -19.746966
4295 -20.238347
4296 -13.867936
4297 -21.696584
4298 -19.893980
4299 -26.025963
4300 -16.161550
4301 -13.855079
4302 -17.240275
4303 -20.635099
4304 -15.729093
4305 -20.605348
4306 -14.815541
4307 -18.300668
4308 -21.163112
4309 -27.354420
4310 -26.433301
4311 -17.728953
4312 -21.380120
4313 -31.302981
4314 -28.250385
4315 -22.873092
4316 -30.713158
4317 -14.990013
4318 -22.797044
4319 -27.341847
4320 -24.892703
4321 -36.318972
4322 -8.021017
4323 -25.620526
4324 -6.114801
4325 -17.694791
4326 -13.807105
4327 -20.329483
4328 -9.420046
4329 -11.213770
4330 -19.893661
4331 -18.763607
4332 -7.945421
4333 -18.505024
4334 -20.734871
4335 -16.309679
4336 -28.139170
4337 -20.769712
4338 -24.510229
4339 -24.481323
4340 -19.167943
4341 -19.855128
4342 -15.988088
4343 -23.199597
4344 -20.117921
4345 -17.772716
4346 -17.299375
4347 -25.664768
4348 -23.982601
4349 -38.134658
4350 -15.153901
4351 -27.582914
4352 -22.539869
4353 -26.401902
4354 -24.861385
4355 -23.594054
4356 -27.498656
4357 -20.056660
4358 -24.635371
4359 -23.200720
4360 -24.212434
4361 -10.987001
4362 -30.676521
4363 -30.369972
4364 -22.666812
4365 -27.755587
4366 -24.105807
4367 -17.855926
4368 -24.987458
4369 -18.716293
4370 -26.155259
4371 -29.492287
4372 -30.423234
4373 -28.431114
4374 -22.249757
4375 -25.196046
4376 -11.232758
4377 -19.957305
4378 -23.222683
4379 -37.555497
4380 -33.024810
4381 -21.192812
4382 -41.228150
4383 -26.802809
4384 -16.726213
4385 -32.656455
4386 -38.526336
4387 -39.679089
4388 -10.106731
4389 -29.863042
4390 -27.334547
4391 -18.694669
4392 -12.304633
4393 -20.835559
4394 -13.803342
4395 -29.978267
4396 -25.534123
4397 -19.399882
4398 -15.596026
4399 -18.674121
4400 -18.537967
4401 -24.298219
4402 -18.055624
4403 -19.349728
4404 -26.104277
4405 -27.283270
4406 -25.055991
4407 -27.170757
4408 -17.096315
4409 -22.496827
4410 -26.941933
4411 -25.309738
4412 -28.929469
4413 -19.821522
4414 -22.702876
4415 -29.877483
4416 -27.653411
4417 -28.333676
4418 -24.252073
4419 -20.428750
4420 -31.242110
4421 -14.560304
4422 -13.058775
4423 -17.438694
4424 -28.252053
4425 -17.324009
4426 -26.371445
4427 -21.585389
4428 -23.297903
4429 -18.671626
4430 -15.581523
4431 -24.784401
4432 -22.306573
4433 -23.144302
4434 -29.647267
4435 -21.233206
4436 -38.797329
4437 -30.261254
4438 -32.894946
4439 -26.444106
4440 -33.752418
4441 -20.678879
4442 -18.736919
4443 -22.946596
4444 -24.453854
4445 -14.229969
4446 -24.909550
4447 -16.220150
4448 -25.803275
4449 -19.897991
4450 -21.920913
4451 -20.555248
4452 -26.715086
4453 -21.161777
4454 -23.955323
4455 -16.296504
4456 -23.228057
4457 -26.990028
4458 -18.451430
4459 -21.066321
4460 -19.999746
4461 -15.959689
4462 -5.720582
4463 -15.775815
4464 -26.896062
4465 -27.917407
4466 -21.002255
4467 -14.865392
4468 -23.770157
4469 -22.550491
4470 -28.385332
4471 -19.318147
4472 -25.878954
4473 -35.325471
4474 -26.024761
4475 -26.981765
4476 -17.785443
4477 -30.920230
4478 -20.623484
4479 -20.757506
4480 -15.820896
4481 -31.759822
4482 -13.140790
4483 -31.804416
4484 -36.909253
4485 -33.873603
4486 -34.656522
4487 -25.565968
4488 -33.927901
4489 -21.609691
4490 -28.170040
4491 -23.072442
4492 -29.560809
4493 -31.643625
4494 -31.891044
4495 -22.779610
4496 -24.854690
4497 -28.624826
4498 -33.545618
4499 -20.408470
4500 -30.870232
4501 -24.208080
4502 -24.818088
4503 -10.375995
4504 -33.173928
4505 -19.037244
4506 -24.054690
4507 -23.263845
4508 -15.850280
4509 -17.792430
4510 -31.484302
4511 -38.794970
4512 -19.808112
4513 -25.254875
4514 -25.344510
4515 -25.944684
4516 -29.309916
4517 -33.722313
4518 -38.688117
4519 -31.022332
4520 -25.419631
4521 -46.269030
4522 -40.025504
4523 -30.765707
4524 -40.637913
4525 -42.838145
4526 -34.472983
4527 -28.670160
4528 -27.462850
4529 -21.446879
4530 -39.771840
4531 -34.234308
4532 -45.538630
4533 -32.769465
4534 -31.656064
4535 -33.678494
4536 -27.545375
4537 -40.815309
4538 -33.292282
4539 -28.928633
4540 -32.666740
4541 -38.545660
4542 -35.554950
4543 -38.841251
4544 -42.213996
4545 -27.655171
4546 -40.621664
4547 -37.201671
4548 -30.301000
4549 -31.441836
4550 -34.769350
4551 -45.873343
4552 -40.785079
4553 -31.475389
4554 -36.017355
4555 -41.755443
4556 -36.418241
4557 -27.960624
4558 -33.624096
4559 -33.666468
4560 -30.476011
4561 -30.491576
4562 -43.884748
4563 -19.622295
4564 -28.683584
4565 -36.517740
4566 -17.857030
4567 -1.536036
4568 -23.054264
4569 -12.728836
4570 -35.683100
4571 -35.182125
4572 -33.293299
4573 -43.583100
4574 -34.180442
4575 -34.058903
4576 -29.485222
4577 -38.184484
4578 -32.266126
4579 -38.678966
4580 -34.366192
4581 -41.203626
4582 -32.580432
4583 -55.131667
4584 -37.023148
4585 -38.290037
4586 -26.494913
4587 -41.852718
4588 -22.912051
4589 -35.580314
4590 -26.478985
4591 -33.564457
4592 -27.333768
4593 -39.925009
4594 -24.418205
4595 -21.702983
4596 -26.150373
4597 -33.678954
4598 -42.356100
4599 -40.630133
4600 -39.066107
4601 -32.457957
4602 -27.186256
4603 -25.343819
4604 -43.563623
4605 -40.942156
4606 -34.740972
4607 -29.844474
4608 -48.231208
4609 -28.898928
4610 -32.321406
4611 -36.186370
4612 -35.901841
4613 -34.312740
4614 -34.650267
4615 -29.277752
4616 -29.943384
4617 -38.495527
4618 -35.186850
4619 -36.339345
4620 -32.994532
4621 -31.850292
4622 -31.458975
4623 -31.231797
4624 -25.080141
4625 -32.379829
4626 -28.723834
4627 -37.038127
4628 -41.037426
4629 -37.478569
4630 -36.454026
4631 -25.729529
4632 -34.891170
4633 -33.726830
4634 -38.596192
4635 -34.180396
4636 -31.988370
4637 -28.317731
4638 -30.478481
4639 -25.440159
4640 -34.133721
4641 -42.155360
4642 -27.305754
4643 -32.234438
4644 -38.865373
4645 -32.656111
4646 -29.603985
4647 -36.272523
4648 -34.323182
4649 -40.958151
4650 -38.840687
4651 -48.368179
4652 -33.527600
4653 -26.956939
4654 -32.744561
4655 -31.381486
4656 -35.034305
4657 -40.789629
4658 -39.418731
4659 -25.540635
4660 -50.767614
4661 -45.927041
4662 -35.592133
4663 -23.003866
4664 -28.517848
4665 -30.821625
4666 -35.085586
4667 -37.456483
4668 -42.610496
4669 -27.094020
4670 -37.072070
4671 -48.941146
4672 -37.419071
4673 -41.668499
4674 -35.459611
4675 -30.560198
4676 -42.899313
4677 -23.185798
4678 -43.046378
4679 -38.794764
4680 -24.793811
4681 -37.016103
4682 -28.861433
4683 -40.505870
4684 -44.636690
4685 -34.830840
4686 -37.654331
4687 -44.921457
4688 -35.577087
4689 -32.930790
4690 -42.032918
4691 -33.173140
4692 -35.435474
4693 -23.148800
4694 -40.564913
4695 -24.960662
4696 -19.406585
4697 -26.486607
4698 -10.740809
4699 -28.012587
4700 -20.724159
4701 -47.895318
4702 -29.032888
4703 -18.243375
4704 -22.605578
4705 -29.665803
4706 -33.731031
4707 -26.885552
4708 -31.369772
4709 -36.055677
4710 -38.686185
4711 -38.963519
4712 -36.816912
4713 -29.661728
4714 -36.052569
4715 -39.367377
4716 -32.584136
4717 -28.781059
4718 -32.929846
4719 -38.088292
4720 -33.447893
4721 -33.376522
4722 -30.853010
4723 -32.581066
4724 -31.043957
4725 -25.222778
4726 -30.566395
4727 -34.271143
4728 -32.314226
4729 -27.954154
4730 -41.402848
4731 -30.933539
4732 -33.810145
4733 -33.136770
4734 -30.858591
4735 -30.155601
4736 -30.671478
4737 -28.729613
4738 -31.624544
4739 -32.201254
4740 -28.419477
4741 -34.340355
4742 -36.166082
4743 -34.988010
4744 -30.708831
4745 -37.660950
4746 -30.230615
4747 -31.677516
4748 -23.596472
4749 -28.143501
4750 -28.715443
4751 -33.797539
4752 -44.268855
4753 -27.270989
4754 -41.823368
4755 -25.375514
4756 -32.570592
4757 -32.718435
4758 -29.364785
4759 -38.785017
4760 -23.245128
4761 -20.673014
4762 -29.761555
4763 -29.714531
4764 -28.695579
4765 -15.171398
4766 -25.808737
4767 -35.300420
4768 -29.828486
4769 -27.530383
4770 -23.147392
4771 -36.141682
4772 -40.368088
4773 -39.392434
4774 -34.127226
4775 -39.209561
4776 -34.616702
4777 -32.689425
4778 -32.771636
4779 -26.975445
4780 -31.526649
4781 -36.381786
4782 -30.388521
4783 -24.429444
4784 -36.995429
4785 -30.921567
4786 -32.979571
4787 -35.557490
4788 -27.110011
4789 -40.831720
4790 -31.843358
4791 -37.138365
4792 -35.225684
4793 -33.995512
4794 -38.299394
4795 -44.799559
4796 -43.106751
4797 -35.647842
4798 -46.335803
4799 -28.941542
4800 -29.441272
4801 -45.538767
4802 -43.959960
4803 -24.602444
4804 -31.403059
4805 -39.361496
4806 -36.094404
4807 -31.724188
4808 -38.515804
4809 -32.905079
4810 -40.376687
4811 -35.316436
4812 -41.434097
4813 -48.114782
4814 -38.320766
4815 -36.065741
4816 -34.937908
4817 -36.413651
4818 -31.498483
4819 -43.910397
4820 -36.196883
4821 -42.877371
4822 -35.941105
4823 -41.828894
4824 -31.689830
4825 -24.100667
4826 -32.991190
4827 -35.555246
4828 -32.959487
4829 -25.593655
4830 -37.835887
4831 -36.043586
4832 -31.870217
4833 -22.720722
4834 -31.228344
4835 -38.139694
4836 -30.400326
4837 -36.500613
4838 -31.523289
4839 -35.060484
4840 -34.391853
4841 -30.661738
4842 -39.009858
4843 -27.449357
4844 -34.611468
4845 -31.640290
4846 -40.292848
4847 -31.434355
4848 -47.642210
4849 -24.800721
4850 -20.245931
4851 -31.745558
4852 -40.166107
4853 -37.624057
4854 -24.686060
4855 -34.209219
4856 -27.336665
4857 -23.525073
4858 -41.378053
4859 -37.104635
4860 -39.816935
4861 -39.276457
4862 -30.116043
4863 -14.739338
4864 -37.124569
4865 -33.922296
4866 -37.003685
4867 -41.488073
4868 -34.377982
4869 -36.376260
4870 -29.841397
4871 -34.911374
4872 -39.823760
4873 -35.131586
4874 -28.129040
4875 -40.263586
4876 -35.821635
4877 -34.903453
4878 -28.567394
4879 -40.663146
4880 -31.408095
4881 -36.584296
4882 -37.830309
4883 -33.933879
4884 -37.030361
4885 -28.282360
4886 -31.752141
4887 -30.142541
4888 -37.793278
4889 -30.588225
4890 -28.019283
4891 -35.960457
4892 -42.258415
4893 -38.666477
4894 -42.586226
4895 -43.377101
4896 -44.376106
4897 -40.965077
4898 -33.906606
4899 -30.391430
4900 -29.625969
4901 -42.935660
4902 -21.425136
4903 -35.864248
4904 -37.489169
4905 -37.446828
4906 -58.487295
4907 -40.433947
4908 -45.405351
4909 -32.317498
4910 -32.355800
4911 -39.794970
4912 -23.480063
4913 -30.595955
4914 -43.641263
4915 -50.611243
4916 -33.151304
4917 -33.117947
4918 -38.364112
4919 -40.612338
4920 -40.216549
4921 -42.078782
4922 -42.806102
4923 -39.372052
4924 -23.336963
4925 -32.622124
4926 -27.748934
4927 -33.375717
4928 -40.782861
4929 -40.238728
4930 -39.692908
4931 -39.936433
4932 -36.528974
4933 -38.811816
4934 -40.877508
4935 -26.826916
4936 -34.306412
4937 -30.928119
4938 -30.824280
4939 -36.233772
4940 -43.590568
4941 -31.606462
4942 -45.373025
4943 -40.478728
4944 -37.393717
4945 -32.460028
4946 -34.128792
4947 -29.601808
4948 -40.213018
4949 -30.044149
4950 -32.321021
4951 -35.737415
4952 -22.235854
4953 -38.724938
4954 -28.090423
4955 -39.636594
4956 -31.859969
4957 -42.707330
4958 -41.592355
4959 -37.267860
4960 -26.813340
4961 -32.325056
4962 -33.913114
4963 -32.750073
4964 -26.503321
4965 -32.303749
4966 -30.505572
4967 -31.819511
4968 -34.260942
4969 -23.272677
4970 -30.881197
4971 -22.980675
4972 -18.428694
4973 -25.348619
4974 -23.923866
4975 -23.544121
4976 -31.771948
4977 -23.644121
4978 -26.033061
4979 -27.126928
4980 -29.371918
4981 -29.651919
4982 -24.205011
4983 -25.285506
4984 -21.725124
4985 -34.357429
4986 -30.085211
4987 -33.201644
4988 -30.013127
4989 -20.327416
4990 -36.525205
4991 -13.623165
4992 -26.492048
4993 -24.310760
4994 -20.736081
4995 -19.693813
4996 -26.406381
4997 -29.155074
4998 -26.577731
4999 -22.264134
5000 -33.830367
