#SNAP D_GBTOT
1 -81.369038
2 -82.232314
3 -100.109394
4 -75.731416
5 -87.264808
6 -81.328990
7 -86.573047
8 -80.064561
9 -82.266982
10 -85.598463
11 -90.243199
12 -95.900929
13 -88.407556
14 -74.212814
15 -93.355775
16 -92.314444
17 -86.274480
18 -93.657134
19 -84.824105
20 -68.960235
21 -73.330425
22 -81.022093
23 -93.472442
24 -81.684385
25 -81.612591
26 -86.925786
27 -88.263022
28 -80.817717
29 -92.424308
30 -88.968677
31 -86.312083
32 -86.606508
33 -101.888299
34 -86.100765
35 -85.006267
36 -84.657345
37 -83.664055
38 -78.566352
39 -80.194374
40 -99.271641
41 -72.854283
42 -83.496306
43 -97.536957
44 -88.923247
45 -79.350012
46 -80.319118
47 -94.397096
48 -91.497085
49 -87.735126
50 -79.845144
51 -87.531180
52 -80.254016
53 -83.857782
54 -75.895367
55 -82.885407
56 -82.684978
57 -88.092147
58 -73.214298
59 -76.729816
60 -91.330900
61 -78.729084
62 -85.724685
63 -90.883292
64 -85.888950
65 -80.191973
66 -86.821784
67 -85.036034
68 -89.969727
69 -76.487758
70 -85.364430
71 -87.642884
72 -92.077143
73 -105.223908
74 -79.796883
75 -85.076802
76 -90.474976
77 -87.533612
78 -91.910968
79 -94.281457
80 -94.658799
81 -82.346824
82 -101.723376
83 -92.957778
84 -84.051533
85 -93.904827
86 -73.243832
87 -80.050316
88 -72.722836
89 -69.231029
90 -79.333153
91 -80.484399
92 -86.013854
93 -93.199349
94 -83.086539
95 -75.856886
96 -73.323677
97 -78.932762
98 -82.576440
99 -82.656645
100 -79.178588
101 -80.347378
102 -93.166470
103 -79.289743
104 -74.163931
105 -82.724270
106 -78.248152
107 -86.660979
108 -91.636027
109 -85.633371
110 -80.873719
111 -83.932187
112 -77.681641
113 -85.371377
114 -78.508838
115 -79.324576
116 -80.713854
117 -85.160607
118 -88.970992
119 -79.173680
120 -89.849716
121 -100.294911
122 -81.869453
123 -75.230618
124 -80.482701
125 -90.261437
126 -74.854274
127 -78.518657
128 -81.608873
129 -76.776226
130 -83.977773
131 -83.858244
132 -81.389741
133 -85.050000
134 -85.417420
135 -92.342744
136 -73.341325
137 -85.725567
138 -92.862905
139 -74.962668
140 -67.935974
141 -94.329373
142 -81.208430
143 -111.464598
144 -95.405545
145 -87.729120
146 -97.812011
147 -105.127327
148 -99.888363
149 -91.926227
150 -91.781143
151 -98.961085
152 -96.534987
153 -89.109134
154 -86.901369
155 -100.961562
156 -94.261553
157 -88.654304
158 -91.998672
159 -88.297478
160 -82.613425
161 -92.536938
162 -90.650712
163 -91.555118
164 -86.786957
165 -75.181830
166 -84.923452
167 -75.753585
168 -75.630422
169 -84.139470
170 -89.341091
171 -102.149427
172 -85.879200
173 -96.294042
174 -76.860485
175 -101.736029
176 -83.834790
177 -102.027192
178 -103.119856
179 -83.780280
180 -91.766937
181 -76.070161
182 -75.646344
183 -90.829418
184 -106.329934
185 -93.893789
186 -95.016215
187 -96.136092
188 -96.367959
189 -85.355832
190 -94.355752
191 -83.161201
192 -91.136412
193 -99.618656
194 -96.584200
195 -98.216216
196 -100.432536
197 -89.164475
198 -91.958980
199 -81.526462
200 -95.402535
201 -90.736692
202 -87.403300
203 -83.139855
204 -92.812555
205 -88.031423
206 -83.604530
207 -98.058272
208 -99.267695
209 -79.660355
210 -80.075060
211 -84.745921
212 -85.091798
213 -82.786254
214 -80.373177
215 -79.785342
216 -83.895874
217 -84.666532
218 -70.915451
219 -91.273493
220 -83.599874
221 -86.827138
222 -100.522172
223 -87.537439
224 -85.751256
225 -86.219370
226 -88.725017
227 -78.063404
228 -96.937303
229 -71.973252
230 -97.712899
231 -88.549371
232 -88.529882
233 -84.655812
234 -91.951239
235 -84.112137
236 -92.970719
237 -84.965303
238 -78.047147
239 -84.973886
240 -80.936542
241 -80.925663
242 -79.063645
243 -77.659809
244 -80.454327
245 -76.578356
246 -76.504540
247 -83.872710
248 -77.150577
249 -92.221654
250 -93.918656
251 -80.514587
252 -90.581666
253 -84.873668
254 -95.476291
255 -89.158650
256 -86.119123
257 -88.566751
258 -88.910872
259 -92.533067
260 -91.601102
261 -88.983416
262 -78.833098
263 -80.627704
264 -79.932039
265 -70.212669
266 -80.715821
267 -85.172876
268 -86.229253
269 -90.360388
270 -81.426886
271 -91.355907
272 -88.249692
273 -80.599954
274 -92.411642
275 -73.904260
276 -78.257278
277 -85.187485
278 -89.520714
279 -77.495456
280 -85.975017
281 -78.840349
282 -85.857649
283 -89.584294
284 -88.325181
285 -85.360568
286 -93.604074
287 -76.559925
288 -83.469399
289 -93.097342
290 -85.609804
291 -98.481679
292 -92.963533
293 -85.249420
294 -84.643907
295 -87.135975
296 -82.142589
297 -78.648521
298 -67.199610
299 -74.696994
300 -69.825459
301 -90.079804
302 -79.044602
303 -77.918678
304 -79.005280
305 -81.083485
306 -82.417386
307 -86.382865
308 -82.395428
309 -81.818006
310 -90.946428
311 -88.072641
312 -70.223677
313 -91.238946
314 -81.813376
315 -81.117862
316 -87.572021
317 -77.836401
318 -73.431348
319 -68.930989
320 -73.054156
321 -85.030253
322 -73.695451
323 -73.171637
324 -72.275447
325 -60.920879
326 -86.978748
327 -78.466113
328 -92.707588
329 -95.237655
330 -88.218486
331 -92.483536
332 -93.787779
333 -99.119769
334 -84.947892
335 -86.648030
336 -82.858309
337 -81.579135
338 -86.146579
339 -79.838415
340 -89.638510
341 -77.964720
342 -82.326383
343 -85.538954
344 -92.925361
345 -91.025088
346 -84.241676
347 -83.216157
348 -73.802796
349 -89.250501
350 -87.606803
351 -74.663279
352 -92.868730
353 -87.554835
354 -81.685860
355 -77.755328
356 -76.019265
357 -78.415522
358 -84.324234
359 -83.842406
360 -95.590323
361 -86.857377
362 -89.307347
363 -94.504525
364 -86.716622
365 -80.238814
366 -83.571010
367 -81.553861
368 -86.400711
369 -82.027218
370 -84.358708
371 -70.132679
372 -93.063922
373 -80.606811
374 -86.010035
375 -90.940310
376 -76.602293
377 -76.860319
378 -91.598094
379 -79.151412
380 -87.730899
381 -78.094493
382 -77.991491
383 -89.095657
384 -86.110063
385 -84.315927
386 -89.580310
387 -77.879386
388 -88.362481
389 -88.595017
390 -75.194301
391 -77.907216
392 -82.845395
393 -84.010034
394 -85.047514
395 -80.578094
396 -80.831878
397 -93.586281
398 -77.725371
399 -87.108384
400 -98.802988
401 -84.971805
402 -78.603552
403 -82.494072
404 -75.975349
405 -93.500583
406 -93.015218
407 -90.269590
408 -84.129242
409 -82.770569
410 -92.261351
411 -90.973112
412 -84.789445
413 -88.998132
414 -91.590369
415 -76.730429
416 -75.083583
417 -86.796040
418 -74.132180
419 -78.994988
420 -76.051292
421 -84.685415
422 -85.305496
423 -89.077452
424 -83.484408
425 -81.677062
426 -83.917058
427 -88.548917
428 -81.158285
429 -78.460460
430 -67.207698
431 -78.480522
432 -72.982094
433 -74.482962
434 -75.818371
435 -79.665438
436 -81.870253
437 -74.286861
438 -92.351523
439 -80.461332
440 -87.085435
441 -78.445073
442 -77.067825
443 -81.352553
444 -79.204997
445 -70.785150
446 -82.630921
447 -84.250256
448 -83.611307
449 -82.312143
450 -70.831276
451 -77.347256
452 -77.068874
453 -76.929531
454 -83.180596
455 -87.530512
456 -83.701243
457 -81.499750
458 -79.907645
459 -85.870377
460 -74.481799
461 -87.446770
462 -76.908019
463 -95.510639
464 -80.146517
465 -68.367069
466 -79.705934
467 -80.911813
468 -93.211109
469 -85.682722
470 -87.543866
471 -84.720126
472 -92.783381
473 -84.364868
474 -89.836878
475 -80.147549
476 -81.855662
477 -84.979856
478 -91.692241
479 -92.052822
480 -86.006387
481 -70.899716
482 -81.596314
483 -91.357916
484 -101.153700
485 -79.995179
486 -79.724546
487 -84.728322
488 -85.022036
489 -79.894499
490 -79.151902
491 -84.454898
492 -89.092739
493 -98.326966
494 -88.353612
495 -93.274453
496 -88.556567
497 -87.248370
498 -97.507827
499 -94.736915
500 -73.770703
501 -94.794028
502 -90.860530
503 -89.415945
504 -93.761485
505 -84.922412
506 -80.455752
507 -90.088810
508 -93.755859
509 -78.563884
510 -94.011171
511 -91.206357
512 -88.932895
513 -96.526075
514 -105.252354
515 -97.255502
516 -97.828015
517 -87.941555
518 -96.165299
519 -97.823276
520 -80.552379
521 -87.093747
522 -101.040723
523 -105.227401
524 -90.415713
525 -93.062275
526 -87.857432
527 -86.884142
528 -84.689175
529 -74.679975
530 -87.757096
531 -98.117628
532 -83.245470
533 -76.033613
534 -78.902794
535 -81.569931
536 -92.605519
537 -85.559419
538 -76.268477
539 -69.253560
540 -82.552346
541 -88.500275
542 -80.404177
543 -93.373504
544 -81.412438
545 -76.443798
546 -81.777220
547 -78.304876
548 -94.274014
549 -86.870463
550 -90.179344
551 -85.735497
552 -73.440940
553 -83.954720
554 -89.853411
555 -93.913577
556 -82.782620
557 -83.782062
558 -88.573424
559 -90.297440
560 -92.500301
561 -85.007987
562 -82.753665
563 -82.500585
564 -81.277192
565 -87.606112
566 -94.605702
567 -86.986063
568 -78.769695
569 -81.637509
570 -80.530806
571 -88.049422
572 -77.238023
573 -82.119291
574 -87.568583
575 -80.817956
576 -87.368113
577 -86.818205
578 -80.322021
579 -85.567212
580 -82.754907
581 -86.571800
582 -85.660077
583 -85.687739
584 -87.051456
585 -77.752827
586 -87.309048
587 -82.913412
588 -83.543095
589 -84.090352
590 -79.971284
591 -86.126343
592 -80.089861
593 -80.704492
594 -81.685795
595 -75.980080
596 -90.428928
597 -75.988551
598 -76.914160
599 -72.607968
600 -81.067173
601 -90.207106
602 -81.921546
603 -79.310265
604 -73.198169
605 -75.745626
606 -71.886558
607 -78.703292
608 -79.616090
609 -81.069405
610 -85.276103
611 -79.730652
612 -76.837802
613 -78.144327
614 -73.220714
615 -77.890052
616 -72.039550
617 -78.423611
618 -75.194657
619 -70.108256
620 -77.658073
621 -78.423110
622 -72.264401
623 -80.857584
624 -68.747495
625 -86.004213
626 -83.314394
627 -80.783725
628 -66.777414
629 -77.695777
630 -74.321028
631 -72.252486
632 -72.012152
633 -77.300654
634 -70.281166
635 -75.830131
636 -78.693760
637 -84.455862
638 -83.050492
639 -80.091442
640 -86.806288
641 -86.045140
642 -78.551550
643 -75.932916
644 -76.229604
645 -68.912940
646 -66.162408
647 -82.895161
648 -82.575897
649 -81.989722
650 -72.400687
651 -69.168049
652 -72.189172
653 -77.732374
654 -78.345190
655 -77.751621
656 -71.826573
657 -72.715614
658 -78.943965
659 -75.649309
660 -73.169086
661 -69.615121
662 -83.054804
663 -81.682620
664 -77.466610
665 -76.522652
666 -75.943243
667 -91.522003
668 -65.200922
669 -74.495663
670 -78.117429
671 -71.610101
672 -66.445742
673 -74.432240
674 -81.538725
675 -79.137299
676 -72.103123
677 -86.021433
678 -91.885041
679 -75.310287
680 -74.966898
681 -70.441521
682 -74.928758
683 -70.252446
684 -70.559367
685 -74.193955
686 -83.694305
687 -69.009244
688 -79.181349
689 -73.474240
690 -75.203822
691 -82.928197
692 -70.809331
693 -79.530965
694 -68.801796
695 -70.389888
696 -79.582515
697 -77.635753
698 -75.773359
699 -93.519971
700 -75.879140
701 -79.745196
702 -80.002473
703 -88.300427
704 -87.292795
705 -86.061503
706 -76.677316
707 -82.455167
708 -88.043962
709 -77.399906
710 -83.946663
711 -78.227983
712 -80.772901
713 -79.867859
714 -64.440010
715 -74.393797
716 -64.394161
717 -72.554903
718 -70.810203
719 -82.102307
720 -84.339068
721 -77.679779
722 -84.893671
723 -77.817131
724 -84.408318
725 -83.284298
726 -80.759840
727 -87.948533
728 -80.382826
729 -84.516433
730 -77.098220
731 -78.159687
732 -73.621140
733 -73.653687
734 -67.792685
735 -79.181848
736 -76.288510
737 -76.943616
738 -71.022520
739 -78.982124
740 -84.833263
741 -79.325970
742 -71.116934
743 -91.207270
744 -81.980281
745 -85.494255
746 -79.850788
747 -72.360685
748 -74.985453
749 -82.415964
750 -69.466154
751 -79.693252
752 -80.098710
753 -85.077131
754 -77.282946
755 -82.182507
756 -83.387175
757 -81.962855
758 -89.148381
759 -78.306894
760 -81.867967
761 -88.174201
762 -91.383408
763 -81.820332
764 -77.480193
765 -88.306128
766 -76.895155
767 -79.365145
768 -80.250587
769 -75.319764
770 -66.740384
771 -80.749002
772 -82.306411
773 -81.810674
774 -80.544742
775 -80.547894
776 -84.217444
777 -84.982862
778 -81.228054
779 -85.276654
780 -89.114474
781 -82.975673
782 -88.179099
783 -80.668637
784 -77.496222
785 -80.618139
786 -89.531424
787 -80.692685
788 -76.219979
789 -83.968041
790 -81.077666
791 -80.832233
792 -82.363422
793 -77.456992
794 -79.946149
795 -78.820953
796 -77.405940
797 -81.238869
798 -81.936181
799 -92.267741
800 -92.041364
801 -78.631683
802 -91.371978
803 -89.988142
804 -82.946206
805 -77.983784
806 -94.008652
807 -85.428874
808 -89.622246
809 -85.996934
810 -94.820952
811 -82.869222
812 -87.887689
813 -87.915713
814 -89.232331
815 -88.899719
816 -98.795300
817 -79.538509
818 -80.485229
819 -77.215426
820 -83.162915
821 -92.247688
822 -85.191471
823 -89.524399
824 -81.915659
825 -97.654002
826 -99.853087
827 -89.005310
828 -89.741495
829 -83.052054
830 -85.269382
831 -85.410105
832 -90.019625
833 -95.975417
834 -94.297846
835 -79.297502
836 -87.395014
837 -97.613640
838 -95.833330
839 -87.697446
840 -92.874179
841 -87.980529
842 -87.661955
843 -92.518333
844 -93.426255
845 -94.233531
846 -79.852810
847 -90.969544
848 -80.989077
849 -89.546349
850 -87.000439
851 -98.420797
852 -91.023955
853 -84.048361
854 -77.454783
855 -100.381255
856 -94.887469
857 -86.493563
858 -83.619596
859 -99.026467
860 -80.382285
861 -96.006037
862 -95.859060
863 -102.302814
864 -89.974784
865 -88.848194
866 -94.267780
867 -93.910389
868 -87.679283
869 -100.098275
870 -96.936276
871 -85.879548
872 -87.499460
873 -86.375580
874 -94.187777
875 -105.592379
876 -111.434087
877 -92.285431
878 -99.535663
879 -95.451728
880 -98.150296
881 -103.715658
882 -94.337460
883 -95.401202
884 -89.235686
885 -93.101251
886 -93.329791
887 -93.444181
888 -91.082527
889 -81.375553
890 -90.923845
891 -85.507942
892 -90.139386
893 -86.071484
894 -93.362382
895 -94.228545
896 -91.989016
897 -99.729982
898 -82.991024
899 -74.584880
900 -84.351283
901 -70.696776
902 -74.643362
903 -85.152491
904 -76.866073
905 -83.515646
906 -82.992955
907 -83.972288
908 -84.617054
909 -75.397278
910 -77.062117
911 -82.999358
912 -97.519530
913 -84.817044
914 -76.534228
915 -76.855992
916 -82.176865
917 -84.517425
918 -81.343629
919 -81.780548
920 -73.313279
921 -76.958444
922 -85.666412
923 -85.893184
924 -90.610091
925 -88.551361
926 -86.639219
927 -94.477720
928 -84.211093
929 -90.167880
930 -83.989106
931 -84.631891
932 -86.299173
933 -90.460154
934 -84.127334
935 -93.144337
936 -95.147946
937 -85.613898
938 -82.565184
939 -88.580625
940 -93.880013
941 -86.607794
942 -89.967005
943 -78.113212
944 -87.125877
945 -83.310828
946 -79.851304
947 -80.682927
948 -86.919624
949 -85.507200
950 -80.878638
951 -86.481410
952 -77.288064
953 -86.460979
954 -71.897113
955 -72.416716
956 -81.233775
957 -85.846303
958 -84.135469
959 -78.822057
960 -74.258392
961 -84.453615
962 -77.528881
963 -65.555430
964 -77.468740
965 -67.341748
966 -71.433477
967 -74.224847
968 -85.733381
969 -80.671977
970 -77.816532
971 -73.879642
972 -82.616094
973 -75.582790
974 -74.187986
975 -79.584082
976 -79.108907
977 -82.528192
978 -84.886939
979 -76.883005
980 -83.726706
981 -73.225069
982 -77.892717
983 -85.465078
984 -82.240739
985 -83.722870
986 -80.645394
987 -82.872009
988 -78.980017
989 -77.866715
990 -83.263349
991 -80.726517
992 -75.144802
993 -79.444989
994 -77.618503
995 -87.286092
996 -81.524263
997 -80.523437
998 -75.858433
999 -86.136048
1000 -102.352524
1001 -80.713195
1002 -79.600009
1003 -77.157991
1004 -84.590255
1005 -75.016927
1006 -81.218110
1007 -85.025071
1008 -72.786244
1009 -85.671521
1010 -79.188053
1011 -70.196996
1012 -75.861313
1013 -82.844261
1014 -75.883208
1015 -82.316177
1016 -63.238769
1017 -93.104751
1018 -81.985054
1019 -77.836482
1020 -81.117723
1021 -88.730162
1022 -77.545454
1023 -89.827837
1024 -80.372758
1025 -84.816966
1026 -75.919550
1027 -89.541216
1028 -84.514616
1029 -62.627008
1030 -79.615508
1031 -87.324327
1032 -85.369610
1033 -86.995342
1034 -81.230854
1035 -87.061284
1036 -77.985392
1037 -83.662608
1038 -67.072864
1039 -77.267500
1040 -80.910617
1041 -73.421370
1042 -85.168299
1043 -81.735264
1044 -84.841105
1045 -84.464758
1046 -83.538858
1047 -75.121204
1048 -73.750536
1049 -69.194888
1050 -80.826691
1051 -88.550415
1052 -75.600187
1053 -82.596964
1054 -95.146753
1055 -83.864088
1056 -93.540259
1057 -70.030193
1058 -81.376224
1059 -84.989708
1060 -86.572815
1061 -81.424766
1062 -82.414007
1063 -79.569125
1064 -84.428255
1065 -75.446935
1066 -64.212675
1067 -71.593369
1068 -73.951498
1069 -81.389730
1070 -73.584735
1071 -87.177217
1072 -91.631690
1073 -79.266736
1074 -81.855828
1075 -90.753003
1076 -86.646167
1077 -87.286569
1078 -77.478000
1079 -80.979372
1080 -74.242410
1081 -85.277533
1082 -87.316678
1083 -75.944047
1084 -82.731418
1085 -84.709314
1086 -77.487187
1087 -82.026833
1088 -75.192931
1089 -83.408009
1090 -77.088832
1091 -87.862672
1092 -88.358821
1093 -79.669890
1094 -78.754582
1095 -74.660497
1096 -87.968114
1097 -84.955541
1098 -89.143253
1099 -85.648652
1100 -94.749364
1101 -89.447215
1102 -89.595615
1103 -80.637332
1104 -92.224837
1105 -81.112647
1106 -85.160720
1107 -79.409889
1108 -82.402512
1109 -99.788278
1110 -83.202171
1111 -81.116524
1112 -87.874719
1113 -92.152863
1114 -99.376725
1115 -98.889002
1116 -96.543785
1117 -85.331548
1118 -93.696365
1119 -96.779501
1120 -95.621606
1121 -101.753634
1122 -99.067075
1123 -97.035186
1124 -91.585077
1125 -98.904324
1126 -83.763359
1127 -100.878024
1128 -103.771815
1129 -87.403425
1130 -92.620535
1131 -81.486708
1132 -96.754333
1133 -90.412603
1134 -97.138209
1135 -96.731300
1136 -96.212934
1137 -106.517120
1138 -105.808245
1139 -99.654985
1140 -95.613913
1141 -99.695912
1142 -108.479837
1143 -98.926258
1144 -106.533868
1145 -105.378262
1146 -109.210909
1147 -99.290178
1148 -97.255226
1149 -101.756089
1150 -86.580465
1151 -94.274799
1152 -102.906094
1153 -103.747418
1154 -116.308179
1155 -104.793574
1156 -101.550062
1157 -104.265383
1158 -99.530238
1159 -97.272655
1160 -102.072049
1161 -103.293925
1162 -90.095550
1163 -87.708582
1164 -98.617784
1165 -102.104100
1166 -100.116304
1167 -96.442568
1168 -89.893012
1169 -91.863448
1170 -94.694364
1171 -83.288535
1172 -99.699838
1173 -92.958796
1174 -85.393955
1175 -82.849520
1176 -84.423687
1177 -92.029128
1178 -98.909877
1179 -86.471201
1180 -94.587922
1181 -85.739981
1182 -90.617327
1183 -88.912618
1184 -87.918081
1185 -101.753014
1186 -81.219578
1187 -88.499302
1188 -92.701580
1189 -89.754119
1190 -85.034756
1191 -79.406184
1192 -88.804616
1193 -89.676517
1194 -91.016531
1195 -94.699083
1196 -95.550662
1197 -89.835389
1198 -94.002755
1199 -97.864994
1200 -85.933792
1201 -84.112253
1202 -91.697753
1203 -92.905985
1204 -82.307221
1205 -93.432808
1206 -92.140323
1207 -83.531547
1208 -82.809445
1209 -78.765949
1210 -92.338718
1211 -81.462533
1212 -87.362710
1213 -84.157369
1214 -82.551979
1215 -91.594740
1216 -85.619246
1217 -86.081688
1218 -91.873318
1219 -78.987481
1220 -89.167748
1221 -94.737163
1222 -83.336687
1223 -88.473743
1224 -98.060481
1225 -88.586955
1226 -91.233025
1227 -92.154586
1228 -83.048499
1229 -93.079537
1230 -83.834494
1231 -84.491465
1232 -87.855764
1233 -95.982006
1234 -87.053531
1235 -92.973015
1236 -97.370813
1237 -73.081182
1238 -97.099898
1239 -88.006231
1240 -85.548186
1241 -101.459058
1242 -95.305569
1243 -92.714446
1244 -82.403893
1245 -91.620132
1246 -95.779320
1247 -94.883757
1248 -94.580291
1249 -92.010691
1250 -90.053276
1251 -83.282422
1252 -86.075978
1253 -98.295189
1254 -92.567285
1255 -99.225114
1256 -89.912886
1257 -87.113895
1258 -92.981064
1259 -95.851565
1260 -90.200248
1261 -86.060451
1262 -97.143050
1263 -99.575350
1264 -94.947171
1265 -92.879786
1266 -96.403847
1267 -98.414155
1268 -100.315140
1269 -96.907044
1270 -95.123224
1271 -97.650392
1272 -94.550746
1273 -90.725591
1274 -97.663339
1275 -93.065316
1276 -90.267113
1277 -88.622483
1278 -95.170348
1279 -81.027435
1280 -91.578901
1281 -94.933498
1282 -86.195496
1283 -89.314802
1284 -94.289097
1285 -90.999147
1286 -89.273886
1287 -94.581506
1288 -87.527496
1289 -87.731302
1290 -85.827163
1291 -87.505808
1292 -85.319275
1293 -95.323499
1294 -85.620014
1295 -91.594735
1296 -90.730568
1297 -91.120560
1298 -91.128708
1299 -87.646467
1300 -94.938497
1301 -93.482692
1302 -84.328781
1303 -92.406569
1304 -83.730057
1305 -79.015313
1306 -84.274586
1307 -86.695637
1308 -89.248222
1309 -99.443838
1310 -90.995649
1311 -84.884522
1312 -96.568847
1313 -95.065106
1314 -86.459628
1315 -91.745309
1316 -95.865681
1317 -84.545347
1318 -91.788252
1319 -84.020204
1320 -98.106094
1321 -96.974596
1322 -91.739092
1323 -87.642037
1324 -96.421624
1325 -100.971918
1326 -83.751249
1327 -90.722475
1328 -83.255102
1329 -90.479856
1330 -96.537136
1331 -96.217953
1332 -90.119802
1333 -96.809083
1334 -88.745923
1335 -98.094297
1336 -91.408574
1337 -89.521830
1338 -95.762696
1339 -78.437446
1340 -82.604626
1341 -85.176304
1342 -101.513712
1343 -92.058359
1344 -95.491653
1345 -101.495561
1346 -88.591167
1347 -87.431047
1348 -95.271256
1349 -83.728888
1350 -90.893903
1351 -91.527609
1352 -96.160602
1353 -92.511662
1354 -94.029820
1355 -97.581738
1356 -99.821806
1357 -96.638620
1358 -96.838860
1359 -82.542516
1360 -87.086213
1361 -85.500313
1362 -88.873712
1363 -86.744401
1364 -89.674864
1365 -100.697133
1366 -85.476789
1367 -88.525733
1368 -91.820643
1369 -87.135405
1370 -88.862257
1371 -85.141546
1372 -87.167545
1373 -84.552841
1374 -88.943855
1375 -92.451340
1376 -89.908761
1377 -89.233793
1378 -81.865319
1379 -90.473058
1380 -90.637053
1381 -88.679343
1382 -82.102553
1383 -82.535221
1384 -82.514999
1385 -83.405062
1386 -81.053722
1387 -84.491595
1388 -89.525906
1389 -84.157847
1390 -83.566299
1391 -92.952770
1392 -95.363700
1393 -85.558581
1394 -85.678336
1395 -96.827707
1396 -86.997728
1397 -92.751318
1398 -91.643153
1399 -95.134047
1400 -84.943983
1401 -93.780917
1402 -102.533098
1403 -95.360176
1404 -95.528018
1405 -85.420558
1406 -93.655564
1407 -100.091511
1408 -95.477050
1409 -91.436174
1410 -89.710172
1411 -89.003460
1412 -97.430710
1413 -95.736338
1414 -91.887474
1415 -88.422138
1416 -89.448944
1417 -91.040970
1418 -90.902106
1419 -84.712708
1420 -99.374667
1421 -91.344780
1422 -87.093499
1423 -80.499462
1424 -86.496005
1425 -90.446470
1426 -86.021125
1427 -82.784648
1428 -95.972188
1429 -95.427756
1430 -91.380957
1431 -91.898626
1432 -86.014373
1433 -95.557748
1434 -94.661226
1435 -94.371054
1436 -79.826814
1437 -92.442373
1438 -93.363877
1439 -79.852277
1440 -77.397522
1441 -96.167096
1442 -87.929549
1443 -90.773810
1444 -95.221492
1445 -87.500947
1446 -83.314708
1447 -80.348879
1448 -85.857636
1449 -92.791209
1450 -78.180590
1451 -93.751152
1452 -86.747920
1453 -91.468923
1454 -97.753269
1455 -87.503340
1456 -94.897637
1457 -94.133647
1458 -81.804606
1459 -87.698796
1460 -81.654516
1461 -79.278865
1462 -94.667524
1463 -74.916685
1464 -83.521725
1465 -87.965810
1466 -88.728345
1467 -94.800552
1468 -92.041394
1469 -83.617576
1470 -101.420739
1471 -98.330116
1472 -87.615452
1473 -89.022985
1474 -78.890589
1475 -95.221443
1476 -93.053454
1477 -97.564778
1478 -82.687253
1479 -92.391905
1480 -97.455711
1481 -83.139302
1482 -94.226600
1483 -92.383026
1484 -87.406482
1485 -90.060587
1486 -100.173979
1487 -83.645031
1488 -87.082630
1489 -93.872133
1490 -79.522656
1491 -85.570141
1492 -85.965783
1493 -85.011147
1494 -83.883732
1495 -77.724273
1496 -83.185770
1497 -85.294487
1498 -72.682313
1499 -88.359715
1500 -86.319832
1501 -87.243644
1502 -76.055368
1503 -85.944982
1504 -92.372665
1505 -91.854022
1506 -101.512311
1507 -95.655048
1508 -87.686261
1509 -91.293268
1510 -80.873157
1511 -89.807640
1512 -77.117665
1513 -100.400194
1514 -86.093463
1515 -86.063085
1516 -101.047676
1517 -100.188872
1518 -94.111158
1519 -98.391724
1520 -94.155124
1521 -101.244145
1522 -87.385866
1523 -85.269455
1524 -84.510275
1525 -77.842747
1526 -89.302532
1527 -88.585818
1528 -92.107687
1529 -82.601186
1530 -82.345047
1531 -92.636915
1532 -85.474757
1533 -91.387158
1534 -88.728965
1535 -85.490384
1536 -85.560173
1537 -87.163605
1538 -91.393974
1539 -84.767227
1540 -84.829078
1541 -82.454791
1542 -93.198194
1543 -94.544207
1544 -90.069972
1545 -94.261328
1546 -93.499823
1547 -97.629973
1548 -96.013207
1549 -80.928433
1550 -88.096507
1551 -79.724092
1552 -81.385177
1553 -87.837380
1554 -88.777624
1555 -83.901278
1556 -103.068054
1557 -78.280787
1558 -96.459032
1559 -102.874589
1560 -84.884079
1561 -94.267001
1562 -95.065808
1563 -90.915382
1564 -89.989002
1565 -89.584003
1566 -93.228226
1567 -90.467599
1568 -80.702492
1569 -89.228772
1570 -95.536959
1571 -84.895906
1572 -81.689087
1573 -84.148737
1574 -80.358992
1575 -88.814832
1576 -90.936852
1577 -86.462281
1578 -76.062896
1579 -73.557403
1580 -81.223399
1581 -75.655143
1582 -77.849155
1583 -82.451486
1584 -88.078593
1585 -88.121338
1586 -76.540643
1587 -86.097540
1588 -76.119915
1589 -85.367554
1590 -88.381215
1591 -87.614902
1592 -88.954150
1593 -79.723458
1594 -81.909333
1595 -85.633575
1596 -78.815521
1597 -89.385818
1598 -78.307469
1599 -90.386709
1600 -89.275814
1601 -81.585857
1602 -86.533537
1603 -74.906044
1604 -79.391439
1605 -85.203736
1606 -93.164687
1607 -95.314710
1608 -75.520749
1609 -88.207179
1610 -91.605257
1611 -82.978894
1612 -83.831015
1613 -80.799509
1614 -82.735118
1615 -85.050400
1616 -81.036740
1617 -79.073403
1618 -80.620670
1619 -80.640151
1620 -89.798778
1621 -77.762353
1622 -88.234826
1623 -82.405222
1624 -75.752042
1625 -88.845430
1626 -84.836557
1627 -72.415537
1628 -91.824582
1629 -98.030922
1630 -82.950401
1631 -86.733142
1632 -95.060819
1633 -91.413171
1634 -89.152070
1635 -93.412422
1636 -69.688474
1637 -82.152660
1638 -78.554153
1639 -78.643249
1640 -90.859864
1641 -75.275256
1642 -85.308525
1643 -82.347083
1644 -90.386602
1645 -86.263631
1646 -82.029029
1647 -78.171559
1648 -97.013407
1649 -94.185152
1650 -90.192820
1651 -88.938382
1652 -81.352450
1653 -95.107182
1654 -94.896153
1655 -94.770792
1656 -87.396407
1657 -86.012047
1658 -86.233071
1659 -82.235636
1660 -92.699470
1661 -79.819203
1662 -91.234641
1663 -85.592174
1664 -79.407143
1665 -74.050371
1666 -91.309572
1667 -91.162168
1668 -86.722323
1669 -77.714956
1670 -88.436796
1671 -85.379335
1672 -74.898010
1673 -79.966425
1674 -80.573563
1675 -87.752556
1676 -81.057682
1677 -81.053956
1678 -86.177936
1679 -81.485847
1680 -85.540162
1681 -89.937427
1682 -81.990674
1683 -81.705914
1684 -104.362934
1685 -86.360175
1686 -76.970298
1687 -85.901413
1688 -87.056709
1689 -78.490659
1690 -77.663605
1691 -82.257383
1692 -86.006021
1693 -88.468517
1694 -85.095734
1695 -90.301336
1696 -86.950350
1697 -89.972476
1698 -94.117865
1699 -90.966353
1700 -81.460378
1701 -83.674257
1702 -80.990908
1703 -96.831141
1704 -83.017602
1705 -88.057162
1706 -87.366408
1707 -96.824468
1708 -96.027494
1709 -81.888832
1710 -88.426928
1711 -82.940769
1712 -83.145573
1713 -83.406784
1714 -75.238060
1715 -81.493995
1716 -90.186542
1717 -83.051736
1718 -67.930015
1719 -83.134112
1720 -77.125373
1721 -74.662300
1722 -83.093611
1723 -84.161401
1724 -75.669277
1725 -90.211661
1726 -85.137620
1727 -78.908611
1728 -83.483397
1729 -87.123495
1730 -82.439083
1731 -78.678294
1732 -82.186530
1733 -87.989332
1734 -81.007358
1735 -88.945062
1736 -91.237495
1737 -77.327164
1738 -82.979921
1739 -87.730223
1740 -80.871775
1741 -95.978300
1742 -81.471777
1743 -81.890220
1744 -86.894190
1745 -85.618424
1746 -85.934646
1747 -79.004886
1748 -91.205401
1749 -76.963205
1750 -79.707364
1751 -96.562630
1752 -93.522377
1753 -85.963214
1754 -80.824373
1755 -91.105821
1756 -85.421362
1757 -78.578654
1758 -89.438910
1759 -73.444631
1760 -87.495692
1761 -83.597641
1762 -82.474612
1763 -82.909165
1764 -90.216542
1765 -78.253921
1766 -81.211370
1767 -86.794125
1768 -78.980070
1769 -65.870813
1770 -80.352310
1771 -74.909193
1772 -82.739214
1773 -95.439439
1774 -82.213395
1775 -80.597626
1776 -95.163156
1777 -81.307411
1778 -79.427644
1779 -73.720068
1780 -77.448256
1781 -86.928644
1782 -85.839774
1783 -77.071075
1784 -83.279518
1785 -86.861794
1786 -91.031025
1787 -91.052992
1788 -82.506725
1789 -86.774731
1790 -90.691032
1791 -71.671340
1792 -79.740541
1793 -84.867701
1794 -88.006218
1795 -101.091357
1796 -88.980578
1797 -90.257918
1798 -83.885403
1799 -89.651416
1800 -75.141309
1801 -73.496373
1802 -92.683287
1803 -83.831491
1804 -80.966880
1805 -77.582605
1806 -75.119284
1807 -73.088936
1808 -75.505103
1809 -74.873706
1810 -79.803512
1811 -85.976149
1812 -85.863690
1813 -72.247256
1814 -80.814951
1815 -82.108985
1816 -73.710940
1817 -77.443128
1818 -87.868215
1819 -87.816705
1820 -74.580959
1821 -70.323008
1822 -74.987635
1823 -76.227346
1824 -78.478932
1825 -81.539109
1826 -72.214186
1827 -71.248254
1828 -77.695994
1829 -80.029070
1830 -77.474701
1831 -80.655108
1832 -80.907210
1833 -78.529418
1834 -84.055439
1835 -71.993056
1836 -76.144624
1837 -92.486424
1838 -88.255123
1839 -84.550930
1840 -81.841836
1841 -87.353418
1842 -86.269122
1843 -82.990732
1844 -77.428041
1845 -88.872089
1846 -97.710559
1847 -94.810336
1848 -84.782678
1849 -80.373132
1850 -80.854682
1851 -78.602879
1852 -81.663347
1853 -91.354830
1854 -90.650608
1855 -69.756646
1856 -87.408564
1857 -81.894807
1858 -75.298189
1859 -83.305152
1860 -81.979399
1861 -85.163977
1862 -80.175522
1863 -80.771126
1864 -73.275379
1865 -81.688532
1866 -64.015063
1867 -77.551841
1868 -75.983047
1869 -75.232713
1870 -81.597633
1871 -84.440084
1872 -70.435716
1873 -72.051366
1874 -79.592804
1875 -88.903318
1876 -73.945428
1877 -80.202580
1878 -79.973402
1879 -76.751433
1880 -83.522696
1881 -86.826210
1882 -89.891501
1883 -85.721804
1884 -83.534180
1885 -76.545050
1886 -83.777295
1887 -77.262710
1888 -79.422899
1889 -72.982273
1890 -75.132810
1891 -88.948315
1892 -85.925412
1893 -77.976908
1894 -94.625959
1895 -74.645491
1896 -90.504717
1897 -77.011873
1898 -78.947504
1899 -83.184384
1900 -79.728522
1901 -77.040781
1902 -92.150324
1903 -85.242821
1904 -81.544211
1905 -75.751450
1906 -78.614221
1907 -90.506665
1908 -81.279458
1909 -80.911816
1910 -73.941170
1911 -83.189973
1912 -86.672160
1913 -84.938970
1914 -75.335999
1915 -69.118275
1916 -79.213959
1917 -90.522125
1918 -78.915163
1919 -75.923379
1920 -73.348388
1921 -72.839914
1922 -94.764531
1923 -81.485803
1924 -76.334063
1925 -80.269670
1926 -77.215523
1927 -82.872805
1928 -78.168238
1929 -84.426466
1930 -89.352506
1931 -85.665629
1932 -85.200402
1933 -80.603298
1934 -100.419500
1935 -88.753626
1936 -82.855400
1937 -78.963163
1938 -95.290269
1939 -79.818736
1940 -69.753178
1941 -94.877249
1942 -89.573910
1943 -81.356721
1944 -83.642061
1945 -90.689340
1946 -79.382813
1947 -90.623627
1948 -80.752598
1949 -93.481243
1950 -92.363010
1951 -88.639433
1952 -87.034641
1953 -85.469762
1954 -83.358699
1955 -94.289980
1956 -93.490415
1957 -84.018758
1958 -85.573611
1959 -86.397191
1960 -80.678836
1961 -80.676333
1962 -79.989443
1963 -71.297004
1964 -76.708043
1965 -70.132096
1966 -71.866890
1967 -69.364708
1968 -79.028066
1969 -78.279954
1970 -82.716881
1971 -93.263701
1972 -90.538191
1973 -84.619776
1974 -77.914506
1975 -90.511489
1976 -91.490251
1977 -82.462059
1978 -86.109667
1979 -89.663385
1980 -80.621718
1981 -85.915027
1982 -81.688088
1983 -85.527548
1984 -84.830455
1985 -91.362500
1986 -84.964537
1987 -90.558555
1988 -91.738886
1989 -78.067112
1990 -74.965675
1991 -89.836027
1992 -84.749733
1993 -80.782901
1994 -80.966608
1995 -87.454167
1996 -81.503276
1997 -85.203292
1998 -93.252437
1999 -87.083862
2000 -78.573000
2001 -81.597527
2002 -70.293534
2003 -83.768681
2004 -88.920800
2005 -83.190095
2006 -91.798897
2007 -89.332632
2008 -92.934902
2009 -92.357930
2010 -96.335759
2011 -85.903815
2012 -86.155185
2013 -88.910722
2014 -79.425373
2015 -83.586122
2016 -87.297326
2017 -82.286486
2018 -88.294143
2019 -86.689152
2020 -83.590916
2021 -89.405401
2022 -91.506047
2023 -90.314083
2024 -91.397203
2025 -86.952815
2026 -94.808211
2027 -86.387450
2028 -91.596479
2029 -88.663185
2030 -80.329655
2031 -79.918232
2032 -80.125917
2033 -85.226579
2034 -90.317340
2035 -84.100866
2036 -74.302810
2037 -87.298684
2038 -84.286117
2039 -72.624417
2040 -90.150244
2041 -86.604001
2042 -78.135320
2043 -93.543469
2044 -89.293336
2045 -87.990294
2046 -84.108283
2047 -87.135648
2048 -80.968552
2049 -86.746681
2050 -90.925468
2051 -89.147689
2052 -84.177444
2053 -85.875621
2054 -84.797900
2055 -87.936405
2056 -89.022894
2057 -81.393607
2058 -85.483569
2059 -83.561956
2060 -93.602429
2061 -89.966728
2062 -84.735129
2063 -80.808883
2064 -85.730738
2065 -86.059237
2066 -87.775560
2067 -83.091508
2068 -92.068734
2069 -89.348075
2070 -80.494424
2071 -92.634052
2072 -84.904251
2073 -83.903026
2074 -97.505222
2075 -85.895963
2076 -79.659821
2077 -87.445648
2078 -85.543366
2079 -97.591065
2080 -84.212942
2081 -79.282487
2082 -81.739706
2083 -85.783832
2084 -96.836399
2085 -95.098326
2086 -88.937965
2087 -89.050872
2088 -88.353115
2089 -90.406580
2090 -88.623756
2091 -84.234881
2092 -95.102223
2093 -85.594733
2094 -88.550882
2095 -80.487989
2096 -97.291254
2097 -96.027304
2098 -81.785019
2099 -86.580213
2100 -89.227626
2101 -99.431970
2102 -91.046098
2103 -96.184683
2104 -97.241860
2105 -90.847359
2106 -86.582596
2107 -86.277650
2108 -88.877086
2109 -81.528491
2110 -78.737192
2111 -94.038933
2112 -88.432225
2113 -85.531512
2114 -87.160282
2115 -84.352590
2116 -81.241155
2117 -89.945311
2118 -94.864630
2119 -78.844051
2120 -79.580389
2121 -72.288187
2122 -81.113375
2123 -91.486545
2124 -87.771728
2125 -83.476118
2126 -82.050757
2127 -88.100412
2128 -83.501786
2129 -98.359800
2130 -91.082507
2131 -91.454721
2132 -87.273833
2133 -94.683098
2134 -93.111851
2135 -91.602009
2136 -105.780699
2137 -85.273875
2138 -87.165378
2139 -86.951544
2140 -86.093345
2141 -85.725234
2142 -85.802505
2143 -86.578444
2144 -85.710812
2145 -81.590670
2146 -87.904777
2147 -89.657557
2148 -84.751872
2149 -94.294204
2150 -88.581455
2151 -93.717060
2152 -92.855867
2153 -102.196303
2154 -88.536475
2155 -83.922477
2156 -88.145511
2157 -100.317231
2158 -100.323750
2159 -92.152342
2160 -94.609415
2161 -89.802689
2162 -91.574656
2163 -85.186225
2164 -76.555403
2165 -96.863293
2166 -96.988008
2167 -68.911462
2168 -73.019142
2169 -68.155584
2170 -68.786188
2171 -74.836961
2172 -72.517978
2173 -70.348342
2174 -63.328684
2175 -65.945446
2176 -70.747258
2177 -65.896408
2178 -64.156886
2179 -58.951482
2180 -76.663649
2181 -71.976438
2182 -68.672196
2183 -65.478103
2184 -67.608837
2185 -72.225512
2186 -74.859492
2187 -67.705890
2188 -69.936151
2189 -73.383626
2190 -74.080938
2191 -56.106313
2192 -78.438443
2193 -71.142031
2194 -72.945564
2195 -69.089450
2196 -67.970192
2197 -79.494865
2198 -69.215355
2199 -79.200154
2200 -76.769813
2201 -67.647890
2202 -66.206524
2203 -75.670235
2204 -79.214129
2205 -79.837642
2206 -80.205628
2207 -65.788749
2208 -68.984134
2209 -67.087530
2210 -69.104215
2211 -65.639721
2212 -76.023289
2213 -75.658119
2214 -69.811855
2215 -77.887101
2216 -72.332537
2217 -77.734289
2218 -73.618951
2219 -71.951163
2220 -70.547058
2221 -67.860251
2222 -70.185708
2223 -72.067614
2224 -77.575505
2225 -71.145453
2226 -70.270092
2227 -70.431079
2228 -81.533946
2229 -79.985649
2230 -77.018858
2231 -73.443126
2232 -82.612613
2233 -78.016623
2234 -71.239645
2235 -75.026945
2236 -56.032425
2237 -84.273507
2238 -71.447999
2239 -67.357020
2240 -70.851521
2241 -69.957957
2242 -81.242494
2243 -64.026446
2244 -69.551739
2245 -77.021211
2246 -74.687344
2247 -83.137861
2248 -68.755424
2249 -81.593659
2250 -68.437584
2251 -61.564688
2252 -82.587062
2253 -70.118027
2254 -72.772080
2255 -71.663760
2256 -69.885825
2257 -71.162900
2258 -78.771531
2259 -75.239061
2260 -72.976753
2261 -70.447551
2262 -75.073132
2263 -71.293457
2264 -68.170021
2265 -78.734638
2266 -80.074179
2267 -68.444551
2268 -76.185192
2269 -79.974287
2270 -73.606486
2271 -72.667410
2272 -78.224195
2273 -67.030037
2274 -74.636646
2275 -69.621323
2276 -72.822435
2277 -74.618140
2278 -67.440137
2279 -64.237202
2280 -57.785932
2281 -69.161643
2282 -76.375316
2283 -79.408507
2284 -74.231281
2285 -62.049974
2286 -64.021753
2287 -67.577310
2288 -66.946392
2289 -68.502272
2290 -76.188883
2291 -78.449767
2292 -71.599587
2293 -61.465589
2294 -66.677922
2295 -61.197113
2296 -69.425551
2297 -70.000381
2298 -64.225061
2299 -75.801418
2300 -70.215940
2301 -75.118906
2302 -65.802766
2303 -73.994772
2304 -83.434059
2305 -75.099048
2306 -83.453938
2307 -79.839592
2308 -83.572121
2309 -79.136748
2310 -80.625987
2311 -83.424298
2312 -85.208923
2313 -77.595083
2314 -71.269347
2315 -66.451225
2316 -76.781781
2317 -69.063410
2318 -81.484013
2319 -87.782674
2320 -78.358869
2321 -76.020779
2322 -76.267077
2323 -77.647835
2324 -76.677395
2325 -80.802691
2326 -74.860498
2327 -73.467681
2328 -69.324675
2329 -70.860558
2330 -74.118728
2331 -75.852115
2332 -67.043490
2333 -75.099862
2334 -68.768381
2335 -74.521724
2336 -83.357586
2337 -74.795043
2338 -75.085867
2339 -78.062771
2340 -75.801265
2341 -77.154750
2342 -77.228250
2343 -70.356288
2344 -62.759904
2345 -81.765106
2346 -79.486260
2347 -73.842943
2348 -66.730298
2349 -81.845440
2350 -83.837654
2351 -65.214124
2352 -76.225463
2353 -77.001344
2354 -72.379034
2355 -73.380370
2356 -81.300817
2357 -80.503399
2358 -77.737342
2359 -65.444677
2360 -74.111840
2361 -77.296461
2362 -69.330932
2363 -69.831353
2364 -70.772384
2365 -70.621676
2366 -76.568756
2367 -81.952514
2368 -74.143858
2369 -73.600202
2370 -84.818590
2371 -82.239243
2372 -78.395752
2373 -74.411564
2374 -68.357441
2375 -81.838994
2376 -83.327075
2377 -79.717752
2378 -87.467058
2379 -67.197035
2380 -74.952652
2381 -74.379338
2382 -88.928268
2383 -78.935463
2384 -76.887462
2385 -87.814664
2386 -80.408011
2387 -84.404852
2388 -74.352770
2389 -82.677701
2390 -76.086357
2391 -77.967445
2392 -87.661292
2393 -71.979690
2394 -69.098415
2395 -71.453617
2396 -69.024547
2397 -85.334023
2398 -79.036974
2399 -74.540408
2400 -69.574218
2401 -81.134933
2402 -73.911257
2403 -71.487741
2404 -70.758802
2405 -68.681274
2406 -78.954927
2407 -69.627820
2408 -64.035108
2409 -71.399349
2410 -75.693548
2411 -72.499113
2412 -76.396992
2413 -69.690271
2414 -69.932381
2415 -74.512327
2416 -71.135208
2417 -72.643169
2418 -70.866505
2419 -67.610565
2420 -75.969565
2421 -76.979429
2422 -74.933612
2423 -74.880783
2424 -80.401062
2425 -66.587043
2426 -70.790041
2427 -84.622680
2428 -76.054985
2429 -80.899958
2430 -72.936241
2431 -62.992775
2432 -80.306592
2433 -78.304188
2434 -71.358815
2435 -72.980582
2436 -70.054822
2437 -75.297649
2438 -71.018598
2439 -66.892219
2440 -78.290635
2441 -78.375054
2442 -74.223110
2443 -63.556191
2444 -73.121519
2445 -80.489485
2446 -68.160986
2447 -72.249104
2448 -68.142155
2449 -74.460795
2450 -73.859924
2451 -75.489128
2452 -72.991783
2453 -62.878550
2454 -73.486738
2455 -67.971170
2456 -79.397819
2457 -64.772939
2458 -76.545342
2459 -72.146230
2460 -73.176560
2461 -65.855986
2462 -82.046026
2463 -75.436178
2464 -77.213873
2465 -79.303378
2466 -76.220716
2467 -71.382435
2468 -61.858083
2469 -66.912198
2470 -77.082150
2471 -77.440834
2472 -70.699294
2473 -75.589672
2474 -71.305235
2475 -73.947691
2476 -68.725319
2477 -78.387186
2478 -81.102625
2479 -80.303844
2480 -69.543100
2481 -73.800507
2482 -64.802899
2483 -69.912670
2484 -74.441883
2485 -72.938932
2486 -68.372890
2487 -72.927128
2488 -64.533357
2489 -71.131014
2490 -71.539743
2491 -71.649561
2492 -79.707792
2493 -77.561356
2494 -80.587777
2495 -75.681631
2496 -79.516315
2497 -70.656672
2498 -70.294309
2499 -81.094718
2500 -76.680245
2501 -61.134478
2502 -72.714488
2503 -76.752597
2504 -71.546561
2505 -56.346442
2506 -69.577537
2507 -71.753155
2508 -65.513644
2509 -75.726257
2510 -75.996735
2511 -69.430530
2512 -63.011469
2513 -76.993947
2514 -78.007634
2515 -77.849455
2516 -70.245896
2517 -73.635766
2518 -85.223171
2519 -64.733684
2520 -74.073999
2521 -74.931532
2522 -64.433302
2523 -76.975901
2524 -69.867924
2525 -71.986654
2526 -66.923818
2527 -65.625511
2528 -77.872865
2529 -69.842644
2530 -61.173615
2531 -69.504194
2532 -65.500786
2533 -72.688699
2534 -68.981163
2535 -60.158390
2536 -65.203884
2537 -74.788771
2538 -68.854063
2539 -78.464069
2540 -69.700076
2541 -71.872461
2542 -85.003322
2543 -80.635114
2544 -68.541360
2545 -59.616441
2546 -77.052475
2547 -71.210460
2548 -76.626589
2549 -70.424436
2550 -71.584230
2551 -71.137385
2552 -70.886512
2553 -83.040525
2554 -68.362282
2555 -76.166068
2556 -67.910916
2557 -69.846841
2558 -75.648354
2559 -76.543062
2560 -70.731582
2561 -64.811181
2562 -68.429242
2563 -67.105427
2564 -72.018203
2565 -64.806528
2566 -73.184102
2567 -69.306034
2568 -76.936540
2569 -76.088921
2570 -77.394552
2571 -76.431038
2572 -81.702672
2573 -71.842804
2574 -76.476759
2575 -76.037772
2576 -66.252433
2577 -69.305376
2578 -80.487279
2579 -71.698330
2580 -78.770289
2581 -75.546070
2582 -84.396619
2583 -79.866819
2584 -76.535853
2585 -83.757450
2586 -72.641136
2587 -75.409529
2588 -81.305102
2589 -72.213635
2590 -73.248338
2591 -63.792432
2592 -72.669197
2593 -61.127779
2594 -71.387490
2595 -81.759647
2596 -72.499264
2597 -75.149909
2598 -75.856090
2599 -79.885095
2600 -66.716506
2601 -65.717581
2602 -74.992672
2603 -72.709733
2604 -73.526048
2605 -85.620472
2606 -67.274008
2607 -66.627518
2608 -79.075903
2609 -69.866992
2610 -76.490358
2611 -76.446609
2612 -70.861606
2613 -70.732427
2614 -68.653489
2615 -75.078422
2616 -76.347868
2617 -78.138889
2618 -71.477116
2619 -82.199920
2620 -69.148766
2621 -74.325169
2622 -73.781666
2623 -74.879369
2624 -78.002210
2625 -74.771494
2626 -71.710736
2627 -72.621756
2628 -69.940650
2629 -77.019496
2630 -69.352199
2631 -67.260224
2632 -78.742708
2633 -81.439668
2634 -70.673709
2635 -67.454688
2636 -81.225808
2637 -82.894252
2638 -66.644419
2639 -61.400149
2640 -67.056408
2641 -76.481551
2642 -75.582799
2643 -70.901424
2644 -80.725883
2645 -80.509589
2646 -68.127223
2647 -66.298135
2648 -67.358033
2649 -68.386959
2650 -71.628459
2651 -82.630492
2652 -76.358268
2653 -72.450177
2654 -77.648512
2655 -89.738141
2656 -73.341317
2657 -76.733476
2658 -66.816999
2659 -79.015483
2660 -74.224343
2661 -82.248401
2662 -70.458088
2663 -78.384890
2664 -68.624652
2665 -79.331714
2666 -79.808959
2667 -74.785516
2668 -74.997814
2669 -72.376854
2670 -76.155583
2671 -70.069225
2672 -67.269797
2673 -61.968631
2674 -68.524212
2675 -75.934489
2676 -70.376936
2677 -71.797861
2678 -74.084791
2679 -74.635708
2680 -59.978272
2681 -76.106679
2682 -68.416021
2683 -90.428590
2684 -74.908024
2685 -70.673282
2686 -79.766659
2687 -81.070641
2688 -79.618673
2689 -82.231943
2690 -73.925848
2691 -75.561296
2692 -80.354663
2693 -81.149148
2694 -76.138588
2695 -79.774608
2696 -75.992778
2697 -84.033412
2698 -83.559215
2699 -72.101714
2700 -80.306301
2701 -67.592921
2702 -75.183754
2703 -70.740988
2704 -77.682006
2705 -73.414554
2706 -83.911774
2707 -72.635498
2708 -85.008096
2709 -77.657567
2710 -65.347567
2711 -80.554014
2712 -73.285256
2713 -73.457624
2714 -72.093273
2715 -84.119340
2716 -77.165010
2717 -69.998508
2718 -67.248198
2719 -77.755725
2720 -90.863510
2721 -75.887516
2722 -77.836809
2723 -77.040277
2724 -68.153427
2725 -70.551856
2726 -83.050923
2727 -63.098091
2728 -76.775847
2729 -78.135701
2730 -76.494621
2731 -72.630964
2732 -70.289516
2733 -72.825098
2734 -76.661196
2735 -69.502849
2736 -77.123912
2737 -72.772314
2738 -78.431303
2739 -74.247519
2740 -80.723155
2741 -68.334327
2742 -75.355813
2743 -74.101619
2744 -79.946670
2745 -62.908337
2746 -70.697938
2747 -68.198533
2748 -77.140024
2749 -74.987548
2750 -74.378174
2751 -77.497764
2752 -87.805164
2753 -68.710853
2754 -68.055065
2755 -69.864961
2756 -68.045618
2757 -80.264458
2758 -74.791489
2759 -81.229643
2760 -72.460949
2761 -84.228038
2762 -75.090965
2763 -70.595751
2764 -78.397907
2765 -70.452381
2766 -77.775123
2767 -62.109786
2768 -90.271802
2769 -76.252953
2770 -80.168208
2771 -74.141721
2772 -60.469007
2773 -78.845696
2774 -78.247937
2775 -77.151772
2776 -73.693671
2777 -86.729805
2778 -78.586143
2779 -69.766017
2780 -73.262830
2781 -72.301556
2782 -62.225696
2783 -75.669698
2784 -78.386784
2785 -75.049086
2786 -75.871693
2787 -78.622552
2788 -68.570834
2789 -80.712700
2790 -75.848428
2791 -75.340588
2792 -73.675811
2793 -78.137531
2794 -78.444743
2795 -73.784963
2796 -73.665192
2797 -81.388850
2798 -67.667448
2799 -87.297980
2800 -79.567160
2801 -76.197444
2802 -63.667678
2803 -80.074813
2804 -75.441629
2805 -70.111784
2806 -73.192467
2807 -78.580501
2808 -95.783889
2809 -71.928070
2810 -66.456832
2811 -64.348162
2812 -78.283843
2813 -79.928745
2814 -76.435698
2815 -63.122679
2816 -78.387478
2817 -63.402492
2818 -68.532859
2819 -78.332358
2820 -71.264226
2821 -76.056544
2822 -79.338383
2823 -79.917004
2824 -78.827108
2825 -72.442681
2826 -71.866857
2827 -64.364966
2828 -73.409581
2829 -74.735461
2830 -79.008896
2831 -78.669058
2832 -86.484167
2833 -78.052324
2834 -84.517506
2835 -56.928739
2836 -70.003700
2837 -61.679195
2838 -71.436963
2839 -77.329301
2840 -70.450411
2841 -68.499378
2842 -77.849969
2843 -77.264279
2844 -72.335703
2845 -76.493907
2846 -73.403742
2847 -73.511871
2848 -70.373921
2849 -71.337533
2850 -65.024369
2851 -75.191390
2852 -76.926256
2853 -64.637102
2854 -82.034605
2855 -66.637644
2856 -68.806398
2857 -77.044311
2858 -62.910926
2859 -55.784409
2860 -73.745640
2861 -76.397898
2862 -75.024625
2863 -75.604005
2864 -69.601348
2865 -68.195596
2866 -81.826042
2867 -79.583762
2868 -85.803364
2869 -75.694735
2870 -76.961044
2871 -64.028088
2872 -81.936684
2873 -89.590047
2874 -84.596608
2875 -65.526708
2876 -86.607816
2877 -75.811297
2878 -75.458439
2879 -67.995487
2880 -76.535712
2881 -82.143406
2882 -76.999506
2883 -77.993640
2884 -72.931239
2885 -83.772356
2886 -78.986955
2887 -72.736017
2888 -83.603233
2889 -71.560818
2890 -82.427958
2891 -84.768980
2892 -76.408728
2893 -80.950939
2894 -68.671923
2895 -69.646257
2896 -80.936930
2897 -75.445774
2898 -78.210267
2899 -77.113517
2900 -77.878172
2901 -73.518194
2902 -86.873520
2903 -68.555307
2904 -85.845988
2905 -70.182036
2906 -65.597774
2907 -82.684108
2908 -83.441837
2909 -74.294103
2910 -77.787568
2911 -80.825709
2912 -75.812221
2913 -72.886335
2914 -81.886191
2915 -78.013862
2916 -77.466303
2917 -75.257667
2918 -80.312111
2919 -79.067849
2920 -69.820081
2921 -64.543416
2922 -82.547664
2923 -70.594704
2924 -67.972742
2925 -67.983844
2926 -75.446304
2927 -82.631838
2928 -72.038527
2929 -71.739849
2930 -88.379116
2931 -73.713423
2932 -67.439576
2933 -78.619759
2934 -86.419853
2935 -87.612058
2936 -81.013665
2937 -61.375571
2938 -70.707246
2939 -78.397225
2940 -83.151807
2941 -65.522045
2942 -79.405772
2943 -68.707025
2944 -82.027334
2945 -78.770320
2946 -72.078679
2947 -57.163782
2948 -75.640592
2949 -63.473697
2950 -67.826804
2951 -83.449281
2952 -81.270984
2953 -83.286398
2954 -82.471796
2955 -76.633308
2956 -72.373639
2957 -82.574774
2958 -72.273728
2959 -73.936391
2960 -91.428283
2961 -81.277717
2962 -87.242384
2963 -79.570730
2964 -79.382717
2965 -78.370991
2966 -79.230914
2967 -77.695671
2968 -76.477660
2969 -77.232582
2970 -75.381850
2971 -73.114427
2972 -73.419241
2973 -87.118112
2974 -84.677971
2975 -85.210813
2976 -74.326388
2977 -83.873995
2978 -69.444316
2979 -77.702225
2980 -72.751226
2981 -76.137963
2982 -71.297893
2983 -90.049306
2984 -85.802177
2985 -70.560905
2986 -76.592735
2987 -78.005585
2988 -84.993112
2989 -63.225329
2990 -75.126091
2991 -87.649274
2992 -78.046440
2993 -87.018194
2994 -83.997781
2995 -83.980859
2996 -78.375463
2997 -65.206009
2998 -81.789196
2999 -79.656877
3000 -70.480481
3001 -70.235735
3002 -81.249055
3003 -74.766582
3004 -68.173110
3005 -70.192403
3006 -76.094150
3007 -79.948716
3008 -80.014423
3009 -73.343600
3010 -88.460322
3011 -74.721441
3012 -81.557540
3013 -85.292366
3014 -77.572607
3015 -77.006885
3016 -76.652905
3017 -66.799431
3018 -69.525517
3019 -75.074348
3020 -82.740856
3021 -83.675844
3022 -89.437452
3023 -79.901615
3024 -66.231620
3025 -67.258245
3026 -72.837597
3027 -68.981981
3028 -71.288639
3029 -80.210087
3030 -68.152911
3031 -90.421852
3032 -73.717515
3033 -79.039432
3034 -79.011611
3035 -65.346396
3036 -75.218994
3037 -74.647817
3038 -82.160629
3039 -76.873134
3040 -82.826581
3041 -72.154499
3042 -71.712702
3043 -80.215356
3044 -74.615423
3045 -80.188136
3046 -74.837052
3047 -71.493112
3048 -69.718881
3049 -67.907189
3050 -91.184851
3051 -83.771146
3052 -65.913700
3053 -83.635600
3054 -75.412962
3055 -80.373657
3056 -72.128205
3057 -71.336214
3058 -82.903978
3059 -76.629881
3060 -65.618544
3061 -79.785642
3062 -73.160731
3063 -78.053735
3064 -82.563919
3065 -81.839288
3066 -88.871458
3067 -74.203780
3068 -77.411553
3069 -83.242585
3070 -85.620163
3071 -72.428935
3072 -83.963745
3073 -75.772096
3074 -73.824712
3075 -79.352864
3076 -84.710110
3077 -86.917541
3078 -75.196628
3079 -65.702023
3080 -69.423696
3081 -80.580870
3082 -86.492733
3083 -77.538533
3084 -88.138859
3085 -74.640787
3086 -78.544503
3087 -82.348107
3088 -83.007457
3089 -69.956041
3090 -72.012781
3091 -69.755214
3092 -66.517879
3093 -72.601851
3094 -60.625241
3095 -68.557978
3096 -69.171841
3097 -78.101127
3098 -77.354864
3099 -77.741041
3100 -91.074674
3101 -84.152605
3102 -88.591540
3103 -80.207018
3104 -85.104919
3105 -93.906481
3106 -71.279126
3107 -78.909186
3108 -76.724617
3109 -74.048165
3110 -81.868680
3111 -75.973421
3112 -75.023699
3113 -81.791580
3114 -77.042157
3115 -86.188332
3116 -77.413629
3117 -66.163849
3118 -82.698956
3119 -77.025350
3120 -74.332095
3121 -72.072746
3122 -79.680305
3123 -75.435037
3124 -70.740557
3125 -74.353989
3126 -68.902417
3127 -80.967437
3128 -68.663518
3129 -78.312653
3130 -86.209057
3131 -78.240802
3132 -75.457292
3133 -74.524026
3134 -83.239003
3135 -75.628744
3136 -63.756340
3137 -74.402042
3138 -88.299600
3139 -84.797435
3140 -80.864051
3141 -77.229645
3142 -70.093716
3143 -78.466950
3144 -73.200420
3145 -76.244977
3146 -78.930453
3147 -76.371646
3148 -74.951626
3149 -74.041268
3150 -75.598345
3151 -79.272895
3152 -72.653679
3153 -75.463711
3154 -71.710310
3155 -77.034642
3156 -69.074926
3157 -67.126134
3158 -68.467098
3159 -71.137149
3160 -84.686724
3161 -69.224683
3162 -77.441224
3163 -85.646350
3164 -81.895151
3165 -82.968401
3166 -76.930301
3167 -75.195982
3168 -81.981980
3169 -72.206582
3170 -77.027787
3171 -81.125629
3172 -82.615179
3173 -70.162968
3174 -77.828323
3175 -79.680613
3176 -75.123088
3177 -81.734928
3178 -76.379779
3179 -67.546146
3180 -80.859732
3181 -80.079946
3182 -79.690533
3183 -82.017370
3184 -79.178223
3185 -76.662858
3186 -76.559068
3187 -76.669055
3188 -80.706535
3189 -76.434568
3190 -82.451555
3191 -81.636771
3192 -75.117150
3193 -74.077791
3194 -80.623760
3195 -84.126669
3196 -78.816166
3197 -74.625546
3198 -78.120898
3199 -84.193598
3200 -68.209006
3201 -85.869977
3202 -76.062016
3203 -85.354250
3204 -76.125277
3205 -77.133919
3206 -79.938771
3207 -72.253267
3208 -74.617675
3209 -67.405595
3210 -73.434077
3211 -82.348450
3212 -69.253058
3213 -71.670480
3214 -78.441037
3215 -73.801722
3216 -73.891996
3217 -77.920482
3218 -78.315889
3219 -74.971696
3220 -79.518772
3221 -75.665058
3222 -71.876675
3223 -75.345303
3224 -69.396759
3225 -65.897050
3226 -77.608762
3227 -83.298215
3228 -67.012344
3229 -76.313839
3230 -68.186495
3231 -76.913235
3232 -71.935401
3233 -77.765875
3234 -66.324040
3235 -56.727648
3236 -85.206591
3237 -71.138664
3238 -78.726428
3239 -77.544394
3240 -65.346962
3241 -76.354473
3242 -79.584445
3243 -74.548720
3244 -70.242778
3245 -78.850190
3246 -71.215978
3247 -76.653190
3248 -85.653488
3249 -76.045679
3250 -74.382631
3251 -79.163517
3252 -80.890689
3253 -78.762370
3254 -82.321186
3255 -78.045545
3256 -91.312404
3257 -83.773590
3258 -81.978143
3259 -73.759716
3260 -71.684080
3261 -78.877393
3262 -66.995208
3263 -67.169446
3264 -77.307033
3265 -80.891716
3266 -74.709526
3267 -62.048130
3268 -87.205626
3269 -73.004437
3270 -81.819498
3271 -80.019477
3272 -83.746639
3273 -68.141205
3274 -76.209387
3275 -73.887454
3276 -77.184410
3277 -74.801620
3278 -71.524874
3279 -78.309811
3280 -70.407332
3281 -71.403817
3282 -79.103689
3283 -85.174938
3284 -71.693573
3285 -79.846548
3286 -83.036554
3287 -80.648403
3288 -71.428254
3289 -80.956398
3290 -78.736158
3291 -78.477774
3292 -73.739594
3293 -73.613611
3294 -69.376222
3295 -74.184451
3296 -80.566042
3297 -71.747349
3298 -72.154849
3299 -67.738220
3300 -78.475824
3301 -67.346942
3302 -78.711332
3303 -61.353859
3304 -70.802552
3305 -79.811314
3306 -85.024194
3307 -74.285030
3308 -79.934325
3309 -71.191897
3310 -81.668949
3311 -74.608427
3312 -72.803169
3313 -75.634571
3314 -71.222873
3315 -87.504191
3316 -79.988201
3317 -81.093965
3318 -66.941103
3319 -66.630579
3320 -65.332305
3321 -69.551551
3322 -68.034199
3323 -76.917480
3324 -73.883900
3325 -68.633364
3326 -78.104816
3327 -79.318621
3328 -82.972890
3329 -76.563502
3330 -85.034174
3331 -75.101665
3332 -79.296468
3333 -78.615273
3334 -81.826227
3335 -78.711129
3336 -78.180534
3337 -76.248318
3338 -77.746008
3339 -79.578048
3340 -79.829686
3341 -73.217790
3342 -75.644667
3343 -87.713703
3344 -78.942298
3345 -76.071003
3346 -65.451665
3347 -76.032574
3348 -67.226394
3349 -80.915935
3350 -68.793836
3351 -75.839480
3352 -73.657138
3353 -74.529348
3354 -79.147290
3355 -72.765360
3356 -79.524838
3357 -66.434000
3358 -92.896836
3359 -90.408303
3360 -68.287222
3361 -90.595328
3362 -81.332069
3363 -77.724536
3364 -87.094088
3365 -81.366976
3366 -89.093679
3367 -74.028900
3368 -76.114867
3369 -80.781959
3370 -82.238123
3371 -87.397381
3372 -78.273185
3373 -91.238928
3374 -88.733274
3375 -85.373817
3376 -70.950486
3377 -80.661281
3378 -87.088470
3379 -68.196449
3380 -77.653228
3381 -76.221579
3382 -72.936956
3383 -72.796376
3384 -74.636873
3385 -80.046609
3386 -75.697436
3387 -71.355890
3388 -73.823054
3389 -70.825574
3390 -73.477568
3391 -79.657876
3392 -81.790582
3393 -64.149644
3394 -80.408827
3395 -70.116570
3396 -70.407836
3397 -75.503781
3398 -70.872022
3399 -81.918444
3400 -78.859623
3401 -76.909584
3402 -70.940604
3403 -80.181765
3404 -87.031638
3405 -74.360956
3406 -78.384599
3407 -82.480828
3408 -68.779948
3409 -80.493097
3410 -79.580788
3411 -79.360325
3412 -74.089006
3413 -79.107496
3414 -78.526610
3415 -72.316496
3416 -85.418803
3417 -78.888379
3418 -66.532680
3419 -83.688199
3420 -64.753851
3421 -74.691105
3422 -77.868212
3423 -77.951372
3424 -74.147455
3425 -77.471630
3426 -77.127232
3427 -89.228810
3428 -79.914524
3429 -83.201546
3430 -72.492989
3431 -79.826262
3432 -78.795302
3433 -71.907534
3434 -75.050784
3435 -75.819208
3436 -80.599468
3437 -70.677373
3438 -71.519453
3439 -81.357239
3440 -80.247881
3441 -82.656597
3442 -80.257790
3443 -80.842508
3444 -69.402280
3445 -69.673613
3446 -75.406982
3447 -68.818623
3448 -78.580971
3449 -68.069650
3450 -75.611343
3451 -67.860470
3452 -67.974208
3453 -65.344922
3454 -70.626645
3455 -75.374526
3456 -72.010700
3457 -81.439916
3458 -79.163968
3459 -71.598682
3460 -67.895262
3461 -71.074339
3462 -66.160298
3463 -83.187551
3464 -71.842054
3465 -75.572226
3466 -82.999111
3467 -66.593230
3468 -71.558923
3469 -67.252642
3470 -78.329137
3471 -72.184702
3472 -75.751700
3473 -72.829211
3474 -74.659557
3475 -73.618589
3476 -70.793475
3477 -67.891672
3478 -80.356703
3479 -80.738512
3480 -69.538330
3481 -66.054885
3482 -69.446265
3483 -57.719526
3484 -79.262373
3485 -77.801962
3486 -75.728848
3487 -86.521764
3488 -74.023623
3489 -64.645527
3490 -74.011770
3491 -77.050328
3492 -75.136588
3493 -73.797318
3494 -83.897518
3495 -73.154715
3496 -76.409677
3497 -71.451963
3498 -77.497613
3499 -70.296219
3500 -81.958599
3501 -80.861632
3502 -71.132315
3503 -76.950042
3504 -77.262586
3505 -75.560623
3506 -80.313909
3507 -65.509987
3508 -64.158658
3509 -81.955879
3510 -69.614976
3511 -78.105129
3512 -74.426753
3513 -79.896517
3514 -66.927825
3515 -79.249420
3516 -84.645913
3517 -77.104626
3518 -75.718382
3519 -75.359846
3520 -72.763032
3521 -67.351705
3522 -79.069553
3523 -78.651953
3524 -69.188526
3525 -82.425639
3526 -78.505173
3527 -77.451597
3528 -72.694741
3529 -70.062242
3530 -77.461509
3531 -82.515161
3532 -75.672797
3533 -80.551576
3534 -74.252515
3535 -68.634370
3536 -64.129540
3537 -77.137261
3538 -77.944714
3539 -85.410214
3540 -92.540787
3541 -73.979386
3542 -78.675745
3543 -85.563339
3544 -81.099064
3545 -75.333982
3546 -81.603493
3547 -74.085263
3548 -76.372109
3549 -87.385776
3550 -80.416189
3551 -76.267628
3552 -80.026795
3553 -64.144178
3554 -82.473394
3555 -78.674186
3556 -88.084366
3557 -84.359464
3558 -73.168351
3559 -74.310899
3560 -75.687332
3561 -70.162132
3562 -77.639386
3563 -67.906216
3564 -80.940042
3565 -74.691060
3566 -81.463807
3567 -76.416456
3568 -77.336438
3569 -73.561662
3570 -80.138977
3571 -71.177047
3572 -71.012315
3573 -69.057786
3574 -75.347273
3575 -79.832691
3576 -71.853975
3577 -75.252368
3578 -58.344791
3579 -69.717788
3580 -69.381605
3581 -75.470118
3582 -71.302472
3583 -72.059305
3584 -73.878765
3585 -69.685155
3586 -77.244390
3587 -69.983506
3588 -74.860964
3589 -78.265371
3590 -77.181765
3591 -66.095580
3592 -83.472171
3593 -85.546707
3594 -73.705796
3595 -85.508101
3596 -73.381212
3597 -75.125321
3598 -77.436282
3599 -61.735347
3600 -78.319121
3601 -81.820384
3602 -68.202704
3603 -72.911722
3604 -59.147295
3605 -80.241801
3606 -74.568566
3607 -69.462768
3608 -78.775855
3609 -67.014315
3610 -70.588536
3611 -69.620124
3612 -66.769643
3613 -77.425140
3614 -71.462162
3615 -72.823732
3616 -81.115784
3617 -82.056924
3618 -77.393922
3619 -84.622828
3620 -84.803768
3621 -85.827926
3622 -88.308487
3623 -93.718912
3624 -87.469822
3625 -86.734684
3626 -73.738992
3627 -81.932770
3628 -81.063876
3629 -81.091247
3630 -91.614526
3631 -90.500467
3632 -92.171849
3633 -88.542870
3634 -94.975656
3635 -83.530590
3636 -87.977810
3637 -86.631058
3638 -91.169691
3639 -88.827242
3640 -87.211871
3641 -82.057240
3642 -86.877168
3643 -80.241937
3644 -97.719691
3645 -78.097813
3646 -92.225542
3647 -88.936245
3648 -71.312191
3649 -82.940992
3650 -76.955121
3651 -80.780122
3652 -82.400098
3653 -83.233741
3654 -72.179650
3655 -89.383361
3656 -87.716264
3657 -90.704066
3658 -84.706963
3659 -93.694775
3660 -97.330829
3661 -79.380701
3662 -91.373419
3663 -85.721660
3664 -86.638708
3665 -90.207369
3666 -72.101059
3667 -86.818009
3668 -86.752625
3669 -93.160352
3670 -88.486507
3671 -82.984266
3672 -86.272211
3673 -70.546829
3674 -89.721190
3675 -94.555429
3676 -78.958496
3677 -88.777337
3678 -91.018144
3679 -72.710016
3680 -84.170902
3681 -76.808828
3682 -80.586267
3683 -80.812660
3684 -80.577344
3685 -88.135818
3686 -86.235092
3687 -81.906264
3688 -76.508073
3689 -84.112713
3690 -84.194245
3691 -83.158234
3692 -87.077028
3693 -89.845646
3694 -80.707831
3695 -93.655604
3696 -74.119005
3697 -88.915055
3698 -87.347584
3699 -90.021565
3700 -86.598340
3701 -85.019735
3702 -79.074116
3703 -92.257292
3704 -84.623010
3705 -95.049089
3706 -90.131775
3707 -73.408713
3708 -84.985830
3709 -90.041721
3710 -77.681890
3711 -87.040571
3712 -80.132586
3713 -84.862004
3714 -89.210622
3715 -92.084721
3716 -86.297741
3717 -92.986949
3718 -83.188509
3719 -85.811194
3720 -92.091228
3721 -81.601142
3722 -78.503100
3723 -100.849508
3724 -85.534351
3725 -90.694758
3726 -77.987882
3727 -81.674937
3728 -97.073149
3729 -94.807932
3730 -89.166764
3731 -100.477843
3732 -79.498410
3733 -78.393587
3734 -86.908353
3735 -76.868235
3736 -82.829261
3737 -84.080857
3738 -75.408648
3739 -79.862207
3740 -74.179754
3741 -97.876789
3742 -86.645670
3743 -90.609425
3744 -74.588805
3745 -87.551210
3746 -75.022248
3747 -82.256635
3748 -87.774622
3749 -81.777128
3750 -91.946136
3751 -79.818611
3752 -77.278210
3753 -85.708849
3754 -83.454362
3755 -79.401685
3756 -85.926048
3757 -92.317566
3758 -81.609797
3759 -72.833947
3760 -85.177966
3761 -82.933441
3762 -71.692519
3763 -85.703407
3764 -72.760297
3765 -81.099475
3766 -79.539148
3767 -91.604068
3768 -91.094523
3769 -86.611276
3770 -92.629906
3771 -79.201341
3772 -81.073665
3773 -81.321634
3774 -92.079937
3775 -93.573330
3776 -95.522906
3777 -95.136560
3778 -81.640074
3779 -77.172646
3780 -92.862188
3781 -85.377575
3782 -81.776717
3783 -89.624777
3784 -95.334482
3785 -87.752783
3786 -83.331347
3787 -87.398113
3788 -83.706996
3789 -98.684408
3790 -89.710738
3791 -93.882636
3792 -80.181633
3793 -76.046831
3794 -93.042180
3795 -95.888059
3796 -84.143037
3797 -78.937680
3798 -76.693411
3799 -94.074029
3800 -84.874107
3801 -93.290899
3802 -103.319171
3803 -96.526198
3804 -97.943106
3805 -98.743619
3806 -85.808528
3807 -91.875420
3808 -89.673731
3809 -80.456189
3810 -68.815924
3811 -89.211314
3812 -89.725258
3813 -78.222627
3814 -93.922718
3815 -94.546356
3816 -82.178510
3817 -93.207546
3818 -72.541064
3819 -92.060314
3820 -91.361308
3821 -76.612221
3822 -89.120985
3823 -78.813103
3824 -92.926093
3825 -94.074441
3826 -96.039732
3827 -95.646037
3828 -87.459610
3829 -85.247308
3830 -88.639372
3831 -85.083328
3832 -90.780777
3833 -85.670423
3834 -92.446607
3835 -77.125564
3836 -95.767682
3837 -85.841011
3838 -90.738143
3839 -82.526435
3840 -84.576926
3841 -84.055654
3842 -86.622152
3843 -84.456722
3844 -88.971184
3845 -84.166528
3846 -78.491016
3847 -84.085586
3848 -83.537969
3849 -89.826003
3850 -92.467280
3851 -91.198945
3852 -84.080854
3853 -80.374251
3854 -80.723864
3855 -86.141983
3856 -89.709065
3857 -83.966627
3858 -84.825429
3859 -85.041381
3860 -78.440670
3861 -100.575577
3862 -86.844170
3863 -82.320443
3864 -85.038453
3865 -91.886788
3866 -74.817109
3867 -87.680690
3868 -90.103373
3869 -80.719801
3870 -81.858183
3871 -92.143411
3872 -77.131973
3873 -75.425981
3874 -79.800902
3875 -84.475298
3876 -83.287696
3877 -89.956722
3878 -84.670480
3879 -80.560296
3880 -85.027794
3881 -80.720986
3882 -82.913933
3883 -85.338332
3884 -81.030248
3885 -74.469090
3886 -76.770728
3887 -69.790181
3888 -78.040164
3889 -73.767022
3890 -69.369322
3891 -82.195203
3892 -80.497082
3893 -84.893487
3894 -89.567667
3895 -87.347602
3896 -82.760284
3897 -81.660911
3898 -79.080308
3899 -88.263224
3900 -86.451087
3901 -81.526726
3902 -89.105651
3903 -85.638127
3904 -77.034121
3905 -91.006812
3906 -80.111472
3907 -88.837170
3908 -77.365036
3909 -81.913200
3910 -79.540543
3911 -80.886627
3912 -92.054192
3913 -72.578225
3914 -77.608348
3915 -76.037999
3916 -90.042839
3917 -80.647994
3918 -81.399128
3919 -73.827387
3920 -81.792040
3921 -91.761341
3922 -82.645487
3923 -88.480579
3924 -84.817169
3925 -75.834841
3926 -76.619246
3927 -87.100945
3928 -93.162185
3929 -87.758515
3930 -83.260378
3931 -87.775761
3932 -75.880106
3933 -85.518733
3934 -84.972445
3935 -99.613203
3936 -90.393096
3937 -86.436107
3938 -89.397108
3939 -83.925429
3940 -82.212875
3941 -85.979738
3942 -75.943589
3943 -86.759020
3944 -82.616574
3945 -90.070842
3946 -78.782993
3947 -83.976067
3948 -71.284869
3949 -71.565546
3950 -96.928529
3951 -81.650640
3952 -84.083575
3953 -91.741583
3954 -79.683395
3955 -99.542810
3956 -81.473919
3957 -86.012798
3958 -85.040660
3959 -93.121314
3960 -89.660372
3961 -83.722140
3962 -92.590214
3963 -84.008249
3964 -85.092895
3965 -94.563832
3966 -88.604154
3967 -87.890622
3968 -72.151895
3969 -71.249637
3970 -87.381297
3971 -84.454783
3972 -89.504496
3973 -93.264836
3974 -95.331921
3975 -90.984755
3976 -84.998063
3977 -85.650275
3978 -83.566835
3979 -95.878192
3980 -92.681911
3981 -89.768856
3982 -88.364074
3983 -100.929309
3984 -91.158492
3985 -92.975835
3986 -92.646423
3987 -79.337181
3988 -82.826750
3989 -86.056058
3990 -81.913058
3991 -98.065514
3992 -80.481161
3993 -94.921816
3994 -87.925561
3995 -87.703868
3996 -80.643918
3997 -88.507022
3998 -98.151069
3999 -83.983975
4000 -99.190218
4001 -98.120016
4002 -81.091199
4003 -88.242071
4004 -88.154870
4005 -82.850043
4006 -94.028868
4007 -83.839530
4008 -85.730625
4009 -91.997151
4010 -81.582763
4011 -85.676907
4012 -83.953331
4013 -90.329465
4014 -97.187599
4015 -73.083619
4016 -91.013970
4017 -85.298467
4018 -89.251946
4019 -82.766804
4020 -84.914221
4021 -76.132832
4022 -77.774291
4023 -82.270343
4024 -86.882361
4025 -87.482059
4026 -88.104656
4027 -83.410847
4028 -78.713138
4029 -94.375148
4030 -81.819430
4031 -85.724375
4032 -85.154810
4033 -93.418647
4034 -87.053310
4035 -90.895283
4036 -91.242322
4037 -80.312982
4038 -73.749469
4039 -83.123468
4040 -94.821189
4041 -87.381695
4042 -87.130043
4043 -91.072377
4044 -80.090838
4045 -88.752801
4046 -91.228771
4047 -89.202341
4048 -80.910558
4049 -78.011513
4050 -86.352830
4051 -79.804063
4052 -87.448149
4053 -77.021712
4054 -85.154117
4055 -92.629532
4056 -86.819767
4057 -75.840535
4058 -90.920108
4059 -94.122913
4060 -82.793084
4061 -94.361946
4062 -75.454216
4063 -89.581697
4064 -79.276343
4065 -95.292459
4066 -91.591458
4067 -90.602595
4068 -85.918931
4069 -84.839002
4070 -95.330113
4071 -78.358594
4072 -93.692861
4073 -82.163434
4074 -84.874699
4075 -88.061927
4076 -87.843075
4077 -89.057388
4078 -88.497873
4079 -77.267923
4080 -67.353314
4081 -91.740791
4082 -85.623492
4083 -90.843296
4084 -78.135389
4085 -83.946396
4086 -85.668052
4087 -85.328484
4088 -85.784002
4089 -90.577137
4090 -82.237715
4091 -72.663163
4092 -87.924752
4093 -90.159848
4094 -81.520183
4095 -87.560874
4096 -84.299261
4097 -81.369770
4098 -88.156411
4099 -88.391728
4100 -89.540169
4101 -101.517668
4102 -83.152530
4103 -86.909798
4104 -80.037127
4105 -84.799233
4106 -88.634894
4107 -79.842770
4108 -89.742324
4109 -85.549386
4110 -83.795945
4111 -85.640812
4112 -86.185285
4113 -80.834246
4114 -80.099707
4115 -71.728068
4116 -80.607717
4117 -86.304713
4118 -90.472573
4119 -80.719909
4120 -78.263499
4121 -85.563633
4122 -73.045880
4123 -67.908889
4124 -84.977186
4125 -80.125592
4126 -84.270307
4127 -86.257757
4128 -97.481728
4129 -92.500375
4130 -81.837861
4131 -83.972905
4132 -91.405245
4133 -88.790933
4134 -81.084674
4135 -82.910657
4136 -82.536782
4137 -90.059602
4138 -88.003979
4139 -88.970621
4140 -80.174754
4141 -75.615060
4142 -78.522234
4143 -83.285908
4144 -79.232785
4145 -93.301824
4146 -89.022148
4147 -85.818189
4148 -88.445290
4149 -97.752748
4150 -82.114742
4151 -88.857526
4152 -95.271718
4153 -93.045543
4154 -101.412210
4155 -88.287971
4156 -76.927788
4157 -92.006198
4158 -92.440579
4159 -94.393898
4160 -100.574312
4161 -90.153118
4162 -85.206720
4163 -99.264796
4164 -95.022442
4165 -85.804946
4166 -88.223737
4167 -93.055349
4168 -97.168424
4169 -89.807483
4170 -89.534985
4171 -83.001069
4172 -95.689792
4173 -87.269894
4174 -78.083250
4175 -96.704326
4176 -93.634134
4177 -80.553075
4178 -76.286582
4179 -91.651354
4180 -96.605836
4181 -96.127504
4182 -90.376012
4183 -84.650468
4184 -96.967738
4185 -76.103346
4186 -90.435325
4187 -88.706719
4188 -98.171807
4189 -97.949162
4190 -102.478775
4191 -88.999245
4192 -86.796259
4193 -91.639550
4194 -95.935600
4195 -81.931149
4196 -94.326970
4197 -86.025296
4198 -92.243167
4199 -91.277049
4200 -86.905900
4201 -85.067395
4202 -84.645820
4203 -88.023997
4204 -82.010726
4205 -89.371048
4206 -93.330743
4207 -84.179222
4208 -87.585044
4209 -90.697907
4210 -89.528687
4211 -90.984061
4212 -78.252347
4213 -91.537533
4214 -96.816410
4215 -77.410264
4216 -86.344258
4217 -88.538348
4218 -72.995344
4219 -84.993826
4220 -86.375679
4221 -87.310055
4222 -79.554485
4223 -86.914354
4224 -90.990602
4225 -89.984931
4226 -81.300407
4227 -88.180804
4228 -84.114057
4229 -91.074371
4230 -86.990782
4231 -80.264675
4232 -92.098968
4233 -80.048514
4234 -87.511857
4235 -87.743828
4236 -81.143077
4237 -72.569527
4238 -88.644708
4239 -77.400969
4240 -90.848112
4241 -73.999153
4242 -82.014279
4243 -90.154717
4244 -86.352326
4245 -76.137712
4246 -88.520225
4247 -87.594481
4248 -80.678493
4249 -84.384164
4250 -86.692045
4251 -96.617631
4252 -85.117015
4253 -90.126431
4254 -89.338269
4255 -90.630443
4256 -95.596415
4257 -88.804249
4258 -92.740537
4259 -93.177034
4260 -84.102375
4261 -78.201278
4262 -86.517750
4263 -92.174863
4264 -92.040163
4265 -79.225244
4266 -87.814481
4267 -89.418723
4268 -92.729848
4269 -97.989158
4270 -96.530598
4271 -103.043705
4272 -99.296129
4273 -88.255102
4274 -91.675119
4275 -85.883490
4276 -102.510450
4277 -81.224722
4278 -91.548780
4279 -102.368603
4280 -91.961293
4281 -81.319506
4282 -77.230592
4283 -92.497273
4284 -84.499699
4285 -98.516399
4286 -83.568528
4287 -90.331580
4288 -102.389901
4289 -85.901172
4290 -83.331436
4291 -76.813947
4292 -78.863180
4293 -86.482487
4294 -84.659106
4295 -101.909215
4296 -86.337623
4297 -72.035961
4298 -84.022571
4299 -95.107262
4300 -91.622640
4301 -87.608039
4302 -92.254953
4303 -91.589614
4304 -89.284364
4305 -94.562233
4306 -85.317109
4307 -90.671064
4308 -85.718471
4309 -88.762735
4310 -90.867333
4311 -89.050360
4312 -82.679144
4313 -74.534700
4314 -92.443759
4315 -89.847295
4316 -82.089051
4317 -87.857500
4318 -78.978855
4319 -83.727631
4320 -88.331806
4321 -93.754399
4322 -85.326042
4323 -64.106192
4324 -76.698371
4325 -89.460436
4326 -85.712606
4327 -89.096857
4328 -78.766171
4329 -79.732352
4330 -89.145312
4331 -82.538631
4332 -85.341959
4333 -72.362087
4334 -89.818359
4335 -75.743972
4336 -86.248326
4337 -95.457956
4338 -97.712717
4339 -91.581133
4340 -81.678911
4341 -83.636472
4342 -89.038717
4343 -85.560879
4344 -90.363481
4345 -92.043201
4346 -74.983385
4347 -78.958082
4348 -84.578715
4349 -83.429301
4350 -102.660918
4351 -82.041807
4352 -79.510249
4353 -87.812759
4354 -76.393904
4355 -82.779140
4356 -88.435099
4357 -89.522139
4358 -68.198819
4359 -87.087707
4360 -81.149451
4361 -77.680319
4362 -75.455315
4363 -92.073914
4364 -89.466210
4365 -85.102660
4366 -81.731853
4367 -88.252823
4368 -90.253398
4369 -87.162814
4370 -93.418534
4371 -85.358239
4372 -97.264561
4373 -85.894000
4374 -86.198810
4375 -81.120333
4376 -91.718235
4377 -89.979402
4378 -83.057010
4379 -98.552922
4380 -84.451575
4381 -80.813480
4382 -85.448352
4383 -94.286448
4384 -82.629084
4385 -70.452307
4386 -81.035602
4387 -84.069316
4388 -84.744974
4389 -86.099193
4390 -91.192702
4391 -80.270881
4392 -72.655970
4393 -76.698246
4394 -86.451569
4395 -93.863957
4396 -92.901429
4397 -80.610328
4398 -86.221747
4399 -80.238812
4400 -83.713292
4401 -76.516371
4402 -83.319240
4403 -95.589169
4404 -84.276435
4405 -88.823157
4406 -81.053015
4407 -98.767148
4408 -85.259853
4409 -94.767433
4410 -98.285735
4411 -73.998635
4412 -91.560589
4413 -86.940385
4414 -88.599793
4415 -90.067312
4416 -95.830936
4417 -95.325758
4418 -85.933416
4419 -92.634374
4420 -83.916717
4421 -89.147013
4422 -82.843118
4423 -81.662242
4424 -80.332831
4425 -91.912937
4426 -89.395874
4427 -96.597921
4428 -87.874690
4429 -85.794393
4430 -86.421229
4431 -80.401650
4432 -88.840206
4433 -89.473812
4434 -98.193176
4435 -91.230520
4436 -67.951796
4437 -100.639713
4438 -82.248744
4439 -82.975350
4440 -90.176376
4441 -93.503481
4442 -95.228501
4443 -86.824367
4444 -92.161585
4445 -84.977255
4446 -85.801513
4447 -81.248111
4448 -93.370124
4449 -88.766513
4450 -94.355231
4451 -92.368675
4452 -87.888107
4453 -81.186548
4454 -87.565282
4455 -84.275706
4456 -92.097645
4457 -86.098503
4458 -97.029949
4459 -86.692682
4460 -78.823847
4461 -83.923376
4462 -72.050807
4463 -83.705942
4464 -72.202192
4465 -90.819134
4466 -87.105122
4467 -83.289082
4468 -85.456467
4469 -91.315159
4470 -82.008864
4471 -88.898104
4472 -83.294224
4473 -92.688508
4474 -94.284282
4475 -94.549370
4476 -87.037350
4477 -82.339988
4478 -94.449543
4479 -90.481569
4480 -93.682466
4481 -73.672316
4482 -87.078364
4483 -96.750141
4484 -87.408985
4485 -92.909541
4486 -90.154754
4487 -81.791013
4488 -82.536929
4489 -84.090287
4490 -89.002042
4491 -85.225437
4492 -88.198112
4493 -86.322386
4494 -87.037028
4495 -94.511804
4496 -97.625597
4497 -87.063996
4498 -82.310914
4499 -88.214188
4500 -82.909999
4501 -93.061253
4502 -89.087435
4503 -94.060405
4504 -88.729623
4505 -81.504301
4506 -82.894288
4507 -80.335229
4508 -96.420040
4509 -84.243525
4510 -99.566456
4511 -93.568582
4512 -98.690913
4513 -91.695588
4514 -82.198005
4515 -78.117829
4516 -82.054830
4517 -85.170195
4518 -83.699313
4519 -102.276499
4520 -84.611384
4521 -94.764758
4522 -90.227607
4523 -79.233977
4524 -92.849989
4525 -90.184586
4526 -87.708427
4527 -90.786562
4528 -94.125055
4529 -83.700633
4530 -82.080445
4531 -71.014961
4532 -82.016434
4533 -87.952776
4534 -87.263151
4535 -82.224961
4536 -83.436277
4537 -75.367702
4538 -86.078303
4539 -82.008790
4540 -86.849245
4541 -72.844178
4542 -96.661360
4543 -92.995815
4544 -84.095819
4545 -71.439479
4546 -92.461535
4547 -93.772537
4548 -78.090839
4549 -96.745800
4550 -72.853209
4551 -86.537409
4552 -85.714012
4553 -74.107871
4554 -94.788467
4555 -82.868748
4556 -94.618388
4557 -77.573526
4558 -81.905453
4559 -105.721529
4560 -94.603974
4561 -94.733219
4562 -88.280933
4563 -94.340384
4564 -94.941394
4565 -82.199784
4566 -75.249111
4567 -80.298908
4568 -84.713463
4569 -87.919205
4570 -80.572466
4571 -81.964115
4572 -94.999629
4573 -83.234027
4574 -86.189873
4575 -80.854265
4576 -86.853912
4577 -78.120041
4578 -91.791609
4579 -99.722400
4580 -100.841756
4581 -96.630509
4582 -93.087064
4583 -99.695171
4584 -87.195058
4585 -84.912040
4586 -90.811455
4587 -90.074569
4588 -91.795527
4589 -86.349515
4590 -89.411000
4591 -81.743271
4592 -89.126303
4593 -81.084924
4594 -91.131457
4595 -88.717709
4596 -93.769517
4597 -91.042939
4598 -87.130158
4599 -90.043855
4600 -90.168134
4601 -82.246015
4602 -77.045669
4603 -91.924827
4604 -96.055163
4605 -100.326158
4606 -85.340856
4607 -92.997222
4608 -82.120345
4609 -95.608261
4610 -97.553325
4611 -84.771266
4612 -88.197464
4613 -82.896991
4614 -79.487437
4615 -80.333773
4616 -85.472682
4617 -86.118220
4618 -86.960867
4619 -82.788204
4620 -84.162304
4621 -97.057306
4622 -99.252884
4623 -87.967420
4624 -89.438540
4625 -95.073604
4626 -83.948764
4627 -89.427727
4628 -101.543943
4629 -89.347204
4630 -94.737874
4631 -81.737847
4632 -94.868194
4633 -82.981739
4634 -92.935127
4635 -95.115459
4636 -82.851494
4637 -87.320663
4638 -97.023241
4639 -83.662992
4640 -85.553283
4641 -79.310757
4642 -91.891049
4643 -90.073971
4644 -92.239063
4645 -86.289945
4646 -99.603822
4647 -97.126391
4648 -90.319418
4649 -82.784974
4650 -91.309609
4651 -84.667181
4652 -92.878163
4653 -86.952309
4654 -93.666517
4655 -86.506499
4656 -89.321321
4657 -91.346727
4658 -92.715351
4659 -88.678221
4660 -89.384408
4661 -85.431107
4662 -94.647651
4663 -85.813214
4664 -81.246214
4665 -81.825787
4666 -82.273183
4667 -103.552964
4668 -76.672797
4669 -94.694636
4670 -89.106428
4671 -73.327549
4672 -93.758912
4673 -81.688354
4674 -98.663350
4675 -89.685972
4676 -84.251243
4677 -88.681497
4678 -94.238627
4679 -86.461139
4680 -87.461235
4681 -84.779560
4682 -86.675962
4683 -91.971459
4684 -86.964160
4685 -79.892046
4686 -90.391403
4687 -80.309260
4688 -79.509967
4689 -61.447981
4690 -76.811820
4691 -82.805022
4692 -81.330828
4693 -82.721934
4694 -71.506467
4695 -72.398280
4696 -80.446654
4697 -76.249764
4698 -94.565770
4699 -87.058938
4700 -100.030990
4701 -82.226575
4702 -87.993988
4703 -83.996632
4704 -81.004796
4705 -84.622171
4706 -87.571958
4707 -78.303273
4708 -83.125343
4709 -82.215237
4710 -84.628962
4711 -96.231313
4712 -79.114859
4713 -88.183977
4714 -87.507696
4715 -89.056539
4716 -86.255164
4717 -92.305302
4718 -90.544594
4719 -79.991463
4720 -90.268798
4721 -95.391952
4722 -91.011737
4723 -89.910140
4724 -102.071567
4725 -85.880065
4726 -88.047877
4727 -88.488137
4728 -95.082532
4729 -92.254412
4730 -84.719502
4731 -87.000491
4732 -84.590936
4733 -91.569216
4734 -89.873455
4735 -88.757471
4736 -88.341674
4737 -93.026749
4738 -96.710575
4739 -95.562380
4740 -84.703653
4741 -91.344361
4742 -87.757770
4743 -90.822442
4744 -98.164270
4745 -89.876283
4746 -95.548461
4747 -90.063163
4748 -95.941669
4749 -99.772831
4750 -85.103573
4751 -98.629527
4752 -83.455595
4753 -89.706126
4754 -97.722997
4755 -93.873025
4756 -85.992919
4757 -91.645588
4758 -82.700087
4759 -83.382656
4760 -92.367122
4761 -83.364785
4762 -70.898621
4763 -92.162041
4764 -83.621458
4765 -87.374538
4766 -98.025693
4767 -90.499780
4768 -87.439486
4769 -94.864735
4770 -94.698143
4771 -91.049064
4772 -90.980519
4773 -88.327072
4774 -90.958960
4775 -87.024134
4776 -94.275096
4777 -88.861716
4778 -90.105988
4779 -92.953136
4780 -81.356035
4781 -87.209240
4782 -93.327775
4783 -97.860875
4784 -82.819807
4785 -81.332580
4786 -85.435010
4787 -76.291178
4788 -89.271688
4789 -95.994621
4790 -95.640242
4791 -87.495899
4792 -100.636543
4793 -88.501646
4794 -76.314867
4795 -89.268512
4796 -90.551587
4797 -87.072050
4798 -89.187589
4799 -75.546964
4800 -75.955337
4801 -92.997310
4802 -82.728932
4803 -76.615520
4804 -95.823491
4805 -88.194348
4806 -80.445485
4807 -98.224997
4808 -81.125734
4809 -95.622748
4810 -95.774574
4811 -82.301838
4812 -76.768671
4813 -81.246501
4814 -83.306899
4815 -95.901843
4816 -83.345676
4817 -88.278619
4818 -82.378440
4819 -94.219954
4820 -86.426240
4821 -90.834807
4822 -80.245187
4823 -91.675757
4824 -93.163986
4825 -90.320449
4826 -94.739237
4827 -87.107488
4828 -91.034936
4829 -93.596364
4830 -93.179900
4831 -85.830296
4832 -97.821699
4833 -94.362508
4834 -86.271435
4835 -92.447537
4836 -94.703864
4837 -83.319549
4838 -78.097011
4839 -85.140784
4840 -84.926849
4841 -87.875537
4842 -75.121847
4843 -83.843578
4844 -90.966194
4845 -89.962221
4846 -91.583028
4847 -96.778086
4848 -75.513569
4849 -93.603276
4850 -89.371494
4851 -85.585203
4852 -91.861887
4853 -85.354342
4854 -93.213336
4855 -87.943288
4856 -87.235022
4857 -93.804295
4858 -80.136984
4859 -78.659393
4860 -79.632758
4861 -88.477059
4862 -87.676381
4863 -86.995332
4864 -86.276360
4865 -78.569455
4866 -88.151614
4867 -100.505672
4868 -87.343341
4869 -96.048685
4870 -84.222182
4871 -92.307620
4872 -100.558544
4873 -102.805778
4874 -91.883006
4875 -93.533273
4876 -98.918186
4877 -89.706967
4878 -94.143313
4879 -90.604966
4880 -92.810996
4881 -88.230881
4882 -94.131981
4883 -83.142185
4884 -95.945096
4885 -95.798307
4886 -80.235972
4887 -94.639184
4888 -84.159503
4889 -90.822803
4890 -84.104010
4891 -80.784884
4892 -97.524030
4893 -74.960409
4894 -91.460841
4895 -85.266219
4896 -93.824474
4897 -93.886654
4898 -84.974087
4899 -79.769422
4900 -80.569726
4901 -88.062530
4902 -77.525591
4903 -88.427665
4904 -77.693441
4905 -94.726444
4906 -87.469783
4907 -83.309234
4908 -90.193322
4909 -82.723836
4910 -90.782206
4911 -88.824957
4912 -82.423987
4913 -92.860530
4914 -101.041192
4915 -87.387877
4916 -99.837690
4917 -91.199611
4918 -88.703969
4919 -77.049878
4920 -86.493191
4921 -86.356376
4922 -88.865889
4923 -86.898884
4924 -88.038232
4925 -90.889544
4926 -90.587333
4927 -98.988000
4928 -97.183791
4929 -91.969281
4930 -102.348745
4931 -83.697507
4932 -86.298934
4933 -77.866894
4934 -91.386246
4935 -96.667073
4936 -89.874477
4937 -83.052500
4938 -89.738552
4939 -87.580307
4940 -72.801608
4941 -94.464931
4942 -97.773019
4943 -84.404897
4944 -89.912265
4945 -77.459800
4946 -86.018154
4947 -83.571828
4948 -90.155150
4949 -84.403641
4950 -91.878611
4951 -82.837363
4952 -86.790387
4953 -93.143278
4954 -87.326871
4955 -90.719383
4956 -86.202829
4957 -67.686856
4958 -91.787970
4959 -85.265390
4960 -96.725854
4961 -85.755606
4962 -95.608164
4963 -89.568346
4964 -83.231168
4965 -83.159325
4966 -82.176982
4967 -93.991845
4968 -92.152322
4969 -86.031344
4970 -88.872008
4971 -70.744117
4972 -91.940109
4973 -91.524970
4974 -97.044638
4975 -91.472155
4976 -80.866244
4977 -95.932480
4978 -85.034694
4979 -92.030160
4980 -93.892418
4981 -80.379894
4982 -90.967597
4983 -74.328575
4984 -85.466903
4985 -90.192967
4986 -83.538420
4987 -78.144121
4988 -80.586264
4989 -88.086775
4990 -81.543339
4991 -72.129154
4992 -77.670883
4993 -78.867407
4994 -76.852248
4995 -89.239462
4996 -76.545540
4997 -75.842671
4998 -74.578901
4999 -84.557563
5000 -77.894010
