#SNAP D_GBTOT
1 -47.408486
2 -41.292967
3 -45.606598
4 -40.782517
5 -28.818656
6 -34.425140
7 -53.535087
8 -37.490080
9 -40.258996
10 -35.311329
11 -40.967692
12 -38.431954
13 -32.522050
14 -30.729833
15 -41.368038
16 -35.796624
17 -47.811001
18 -33.190503
19 -38.579980
20 -47.498325
21 -26.698638
22 -43.726346
23 -42.956613
24 -40.227224
25 -24.482297
26 -46.584186
27 -49.155829
28 -31.077714
29 -42.576555
30 -39.128632
31 -44.664555
32 -33.542779
33 -37.744252
34 -48.126390
35 -34.252927
36 -34.664478
37 -42.178000
38 -42.376072
39 -35.411268
40 -31.139486
41 -49.729734
42 -39.177167
43 -43.330812
44 -40.596770
45 -44.104678
46 -41.262321
47 -51.835070
48 -48.172498
49 -44.546069
50 -37.153480
51 -37.614635
52 -39.728358
53 -46.462695
54 -45.041364
55 -38.064422
56 -30.964531
57 -37.517132
58 -48.783904
59 -26.020522
60 -36.313371
61 -47.097195
62 -43.696358
63 -22.255728
64 -32.262294
65 -42.623110
66 -28.579987
67 -46.055912
68 -36.692380
69 -42.176097
70 -42.569001
71 -40.162812
72 -42.915258
73 -44.658843
74 -42.942825
75 -34.211569
76 -39.041030
77 -35.297814
78 -41.694609
79 -38.903162
80 -41.739989
81 -26.153133
82 -33.593519
83 -45.515392
84 -40.123060
85 -49.648620
86 -40.995661
87 -41.198748
88 -23.209985
89 -46.691615
90 -28.766173
91 -39.827924
92 -31.165551
93 -32.394363
94 -39.713408
95 -44.239081
96 -19.846252
97 -37.978352
98 -39.264026
99 -44.901452
100 -49.876212
101 -33.669791
102 -36.879172
103 -25.242049
104 -51.182225
105 -39.843320
106 -42.592460
107 -40.564812
108 -31.998019
109 -41.066371
110 -33.429301
111 -31.231075
112 -32.577846
113 -44.369339
114 -27.825759
115 -39.722557
116 -40.945712
117 -32.446600
118 -27.957124
119 -37.496223
120 -40.302659
121 -39.602101
122 -31.754561
123 -36.600327
124 -42.363630
125 -43.785557
126 -47.015129
127 -43.363427
128 -38.456562
129 -45.768604
130 -38.243704
131 -43.929446
132 -41.898588
133 -39.022741
134 -50.341106
135 -39.310925
136 -48.396643
137 -38.441907
138 -28.714121
139 -27.108732
140 -25.131566
141 -43.527769
142 -36.552370
143 -40.538694
144 -38.136296
145 -28.593253
146 -38.992907
147 -40.910051
148 -29.840991
149 -38.592008
150 -33.948253
151 -39.515282
152 -37.893632
153 -42.078563
154 -33.508470
155 -35.929275
156 -29.381551
157 -20.399358
158 -47.881350
159 -31.989867
160 -52.904854
161 -27.495497
162 -34.751226
163 -37.753313
164 -35.113698
165 -34.315620
166 -30.859541
167 -33.038508
168 -37.720069
169 -21.826572
170 -41.564898
171 -37.586908
172 -32.078690
173 -35.542298
174 -34.250164
175 -19.612036
176 -34.614056
177 -32.455148
178 -45.772039
179 -29.145858
180 -41.764831
181 -23.631848
182 -47.830687
183 -38.770169
184 -32.374339
185 -47.299290
186 -41.653584
187 -42.070843
188 -43.277084
189 -24.150564
190 -38.426801
191 -33.569917
192 -33.712179
193 -38.600767
194 -41.667577
195 -33.087478
196 -48.445620
197 -40.742088
198 -49.380437
199 -39.263377
200 -41.626142
201 -34.221082
202 -35.363322
203 -29.098789
204 -44.719652
205 -38.445261
206 -41.549963
207 -37.785355
208 -54.406480
209 -38.174433
210 -37.358541
211 -36.028493
212 -43.057623
213 -38.371725
214 -42.540038
215 -50.713671
216 -33.401959
217 -27.905005
218 -42.697376
219 -45.648875
220 -47.311349
221 -40.571871
222 -49.801383
223 -40.763391
224 -45.475738
225 -39.795437
226 -46.101354
227 -45.808200
228 -54.616222
229 -43.326238
230 -38.706737
231 -38.815997
232 -38.454685
233 -43.649230
234 -26.719462
235 -36.787757
236 -33.902683
237 -32.650405
238 -31.569956
239 -39.322628
240 -25.503437
241 -23.724358
242 -31.310504
243 -46.291432
244 -42.507788
245 -30.773227
246 -45.028102
247 -52.391105
248 -40.954866
249 -28.370474
250 -55.179095
251 -48.106298
252 -37.148222
253 -34.884416
254 -30.109929
255 -39.549667
256 -48.064417
257 -42.965381
258 -50.720551
259 -36.613454
260 -41.647445
261 -37.862024
262 -41.651212
263 -38.708294
264 -40.274198
265 -43.882520
266 -49.102071
267 -44.233435
268 -44.108299
269 -48.108048
270 -38.551512
271 -38.117881
272 -34.055457
273 -39.329857
274 -43.290652
275 -31.309845
276 -33.069705
277 -30.357772
278 -41.666852
279 -36.243026
280 -46.280929
281 -37.768284
282 -39.576828
283 -30.040446
284 -21.816518
285 -36.279158
286 -45.556600
287 -37.348825
288 -36.327674
289 -37.533578
290 -38.722432
291 -39.440978
292 -36.701878
293 -33.858292
294 -38.687557
295 -38.648155
296 -44.633104
297 -31.883897
298 -25.014591
299 -41.814735
300 -39.093740
301 -32.802228
302 -43.852126
303 -39.358230
304 -27.813461
305 -43.655930
306 -45.428751
307 -45.718936
308 -33.021564
309 -24.052753
310 -43.475603
311 -40.133811
312 -33.152120
313 -41.981762
314 -36.916085
315 -52.948042
316 -37.689613
317 -41.285164
318 -42.084516
319 -24.639060
320 -34.728894
321 -37.843956
322 -39.010568
323 -52.796266
324 -39.625612
325 -38.412063
326 -39.331538
327 -43.639998
328 -40.402059
329 -53.638222
330 -30.866270
331 -28.171786
332 -37.921922
333 -29.434885
334 -29.701033
335 -38.072172
336 -53.417901
337 -28.509038
338 -37.773408
339 -46.035592
340 -49.305107
341 -44.772313
342 -38.997013
343 -39.278441
344 -48.013387
345 -39.804666
346 -42.023678
347 -51.839244
348 -28.304789
349 -39.909968
350 -48.214166
351 -36.347746
352 -38.711626
353 -33.669743
354 -41.929247
355 -32.496198
356 -38.497964
357 -34.651668
358 -33.006936
359 -48.587555
360 -48.297840
361 -38.887520
362 -40.330298
363 -45.616966
364 -48.629363
365 -35.868180
366 -54.104653
367 -39.630885
368 -36.469607
369 -36.305994
370 -46.594581
371 -44.959835
372 -35.202899
373 -39.312716
374 -38.496979
375 -50.644387
376 -35.903762
377 -38.711076
378 -36.873095
379 -35.798500
380 -36.363058
381 -28.645524
382 -30.465948
383 -30.816336
384 -46.238996
385 -42.364295
386 -38.882539
387 -27.718127
388 -42.081686
389 -40.284298
390 -43.295609
391 -35.725899
392 -41.240713
393 -37.185758
394 -47.688978
395 -48.455214
396 -42.789062
397 -43.710171
398 -42.139579
399 -45.449610
400 -42.700366
401 -37.700398
402 -39.207100
403 -30.733702
404 -42.635138
405 -38.115727
406 -36.991396
407 -30.461398
408 -50.434614
409 -43.156815
410 -34.509232
411 -40.966032
412 -42.371931
413 -38.674666
414 -49.030884
415 -40.226723
416 -45.735076
417 -48.234440
418 -32.681977
419 -43.358130
420 -47.747043
421 -43.211706
422 -36.188668
423 -35.437303
424 -25.541367
425 -45.022280
426 -41.885845
427 -42.782745
428 -35.507074
429 -51.080807
430 -35.962424
431 -44.265264
432 -41.621062
433 -42.232127
434 -43.915827
435 -34.368650
436 -42.600269
437 -32.404372
438 -52.390610
439 -48.350718
440 -47.210202
441 -32.446419
442 -34.137341
443 -41.763333
444 -45.064956
445 -43.544994
446 -47.838987
447 -42.247906
448 -44.863146
449 -51.276612
450 -37.640865
451 -51.718143
452 -26.796719
453 -26.737126
454 -43.268236
455 -39.099152
456 -50.098399
457 -39.212723
458 -48.659752
459 -47.570173
460 -53.786045
461 -36.638163
462 -45.717390
463 -36.312680
464 -36.013248
465 -38.079459
466 -36.830593
467 -39.246651
468 -40.283961
469 -41.702180
470 -33.071515
471 -44.341693
472 -48.065506
473 -50.781726
474 -34.998015
475 -49.132623
476 -35.606299
477 -41.720838
478 -34.092125
479 -36.331941
480 -30.087681
481 -45.766683
482 -36.659972
483 -40.845633
484 -32.564897
485 -45.251387
486 -42.296612
487 -35.875746
488 -40.429833
489 -36.549987
490 -33.142706
491 -47.839827
492 -40.686336
493 -49.659831
494 -41.191920
495 -39.731716
496 -31.970511
497 -45.343540
498 -30.665642
499 -42.451523
500 -42.358285
501 -32.820454
502 -36.679725
503 -48.569618
504 -34.127926
505 -42.323974
506 -40.881183
507 -52.204191
508 -38.944119
509 -39.660723
510 -36.368988
511 -35.021475
512 -42.093930
513 -44.372898
514 -39.473908
515 -38.696136
516 -30.004382
517 -34.970480
518 -37.456244
519 -40.797695
520 -46.768188
521 -32.986692
522 -24.731949
523 -47.526322
524 -37.446563
525 -51.101756
526 -33.095201
527 -43.953568
528 -51.860899
529 -38.347749
530 -38.497210
531 -44.801876
532 -36.102124
533 -37.644075
534 -47.315008
535 -56.829790
536 -41.904220
537 -41.148215
538 -42.916722
539 -45.005361
540 -44.763405
541 -39.250312
542 -28.625932
543 -26.944830
544 -30.178414
545 -45.293470
546 -32.730232
547 -51.697493
548 -34.999968
549 -34.682440
550 -42.077114
551 -32.602266
552 -31.413648
553 -46.276671
554 -41.717360
555 -47.494013
556 -40.058620
557 -37.692310
558 -37.639230
559 -41.248355
560 -31.425701
561 -50.323016
562 -49.549578
563 -37.895446
564 -40.381159
565 -32.673108
566 -51.964397
567 -43.187441
568 -36.522190
569 -49.710303
570 -33.539277
571 -41.053268
572 -37.666001
573 -37.162754
574 -31.335256
575 -32.808751
576 -35.613609
577 -40.073550
578 -44.737927
579 -45.303455
580 -40.929706
581 -36.465063
582 -31.539029
583 -35.107625
584 -40.629728
585 -43.341538
586 -49.825880
587 -49.050791
588 -40.960176
589 -43.528992
590 -30.944097
591 -38.475763
592 -48.397307
593 -32.541490
594 -35.177860
595 -34.101658
596 -37.817028
597 -42.095046
598 -41.820994
599 -37.047326
600 -29.590989
601 -24.666967
602 -46.383972
603 -42.036757
604 -43.988417
605 -38.081175
606 -33.068902
607 -50.520758
608 -43.186853
609 -48.320446
610 -35.206643
611 -38.881246
612 -39.704138
613 -44.803586
614 -45.475466
615 -33.867604
616 -42.459348
617 -33.929815
618 -47.266801
619 -50.226221
620 -33.617229
621 -32.646738
622 -46.104767
623 -41.483194
624 -27.127937
625 -35.558363
626 -42.826352
627 -35.281672
628 -29.654850
629 -47.798136
630 -44.059871
631 -34.707973
632 -48.514751
633 -38.570178
634 -42.864421
635 -32.948897
636 -38.452297
637 -42.809686
638 -31.442712
639 -38.845458
640 -29.445044
641 -30.755187
642 -44.492474
643 -38.636299
644 -39.891150
645 -40.479277
646 -45.208080
647 -57.700554
648 -38.736972
649 -45.110477
650 -40.446673
651 -40.012826
652 -33.728335
653 -34.521052
654 -26.831520
655 -39.437279
656 -49.603467
657 -47.903387
658 -44.405907
659 -56.886620
660 -46.812786
661 -37.904856
662 -39.285829
663 -37.889660
664 -37.886481
665 -45.538719
666 -36.597742
667 -38.043120
668 -51.126647
669 -42.789999
670 -41.235743
671 -34.189227
672 -48.163585
673 -47.741839
674 -46.393177
675 -22.012798
676 -34.841492
677 -42.224388
678 -33.341179
679 -36.147284
680 -29.805614
681 -36.493173
682 -43.379377
683 -45.739844
684 -41.936373
685 -36.078503
686 -46.098033
687 -45.892228
688 -37.632964
689 -32.265575
690 -27.107342
691 -40.191352
692 -43.503245
693 -36.313178
694 -31.600520
695 -34.972444
696 -38.374940
697 -35.681091
698 -33.912776
699 -42.680036
700 -32.106460
701 -35.428405
702 -25.503238
703 -37.118281
704 -32.843339
705 -34.799703
706 -35.614462
707 -26.971728
708 -24.334309
709 -32.056817
710 -42.420539
711 -31.956993
712 -42.115774
713 -34.924982
714 -40.123103
715 -32.461344
716 -32.284920
717 -25.080418
718 -44.220392
719 -38.002129
720 -46.843162
721 -46.913586
722 -46.019106
723 -44.534016
724 -35.063301
725 -37.565754
726 -34.971077
727 -46.658800
728 -42.426110
729 -44.679368
730 -29.008688
731 -39.956734
732 -30.612871
733 -51.171746
734 -48.177339
735 -41.232959
736 -36.639917
737 -33.343781
738 -37.410637
739 -48.458747
740 -42.041213
741 -26.176504
742 -29.998665
743 -33.618821
744 -43.218251
745 -29.895276
746 -42.619330
747 -36.594274
748 -37.057898
749 -41.070060
750 -23.507397
751 -37.285950
752 -41.905089
753 -24.308189
754 -30.713702
755 -27.870277
756 -23.567519
757 -37.354448
758 -39.138956
759 -36.961000
760 -52.842970
761 -37.667365
762 -34.929418
763 -27.300049
764 -22.464330
765 -29.915575
766 -47.339201
767 -27.719582
768 -21.057706
769 -26.767429
770 -19.770319
771 -21.978975
772 -23.009988
773 -27.211702
774 -26.141934
775 -25.117734
776 -28.948847
777 -28.209626
778 -30.732670
779 -47.085518
780 -46.070892
781 -48.408777
782 -52.621553
783 -45.587650
784 -46.884816
785 -47.977503
786 -45.330014
787 -48.499937
788 -38.595871
789 -54.575582
790 -35.095235
791 -40.964348
792 -27.400835
793 -49.001932
794 -42.344167
795 -43.340093
796 -40.533549
797 -31.004647
798 -37.923237
799 -33.228117
800 -37.756352
801 -32.600484
802 -34.781355
803 -27.107304
804 -42.386171
805 -29.091295
806 -39.656572
807 -49.192770
808 -39.957032
809 -43.580452
810 -36.490464
811 -42.104142
812 -43.390531
813 -39.248262
814 -44.090117
815 -36.753572
816 -43.423337
817 -48.742555
818 -46.606092
819 -36.414285
820 -35.776939
821 -25.293220
822 -29.033570
823 -32.138858
824 -31.899977
825 -36.517663
826 -45.952189
827 -40.816181
828 -28.640441
829 -28.180693
830 -39.127868
831 -35.646889
832 -52.129238
833 -38.709044
834 -49.707740
835 -50.744058
836 -46.139152
837 -51.234373
838 -51.687559
839 -51.407684
840 -47.869617
841 -45.090126
842 -42.439352
843 -44.961849
844 -30.220812
845 -58.206076
846 -36.546956
847 -29.500111
848 -52.466412
849 -44.480280
850 -43.682728
851 -32.357498
852 -50.142282
853 -38.110616
854 -34.042975
855 -30.751347
856 -53.678254
857 -48.721537
858 -40.732784
859 -40.248793
860 -43.328936
861 -46.220856
862 -33.733240
863 -39.844482
864 -44.527019
865 -45.557953
866 -45.014795
867 -43.290749
868 -48.233585
869 -49.299052
870 -48.016466
871 -42.855616
872 -36.734419
873 -37.806417
874 -37.485669
875 -41.875007
876 -35.468004
877 -54.331100
878 -41.482558
879 -39.707109
880 -39.580807
881 -39.376367
882 -54.180181
883 -21.598020
884 -53.257411
885 -36.945627
886 -39.820514
887 -48.301698
888 -43.020357
889 -36.918474
890 -44.219077
891 -36.392795
892 -36.489161
893 -28.914599
894 -39.421020
895 -45.036390
896 -34.584635
897 -47.512270
898 -32.881102
899 -35.231826
900 -31.578698
901 -44.625783
902 -47.501971
903 -45.831420
904 -57.034509
905 -48.375749
906 -41.726625
907 -41.872244
908 -39.201756
909 -42.095421
910 -35.690434
911 -33.815801
912 -35.970251
913 -44.835517
914 -33.404976
915 -42.675855
916 -29.650903
917 -44.905933
918 -52.503645
919 -53.143407
920 -45.111702
921 -38.934512
922 -52.164848
923 -42.807459
924 -43.532517
925 -38.434832
926 -40.429247
927 -44.844030
928 -39.015987
929 -36.271579
930 -44.794241
931 -49.573417
932 -45.647182
933 -47.468896
934 -44.478365
935 -29.650353
936 -49.463485
937 -30.649995
938 -40.439066
939 -20.080604
940 -31.954882
941 -39.610245
942 -43.600694
943 -39.101725
944 -47.091401
945 -40.331497
946 -35.642118
947 -40.409067
948 -45.700015
949 -40.432986
950 -40.894528
951 -44.010231
952 -45.092552
953 -27.894286
954 -50.936034
955 -37.175823
956 -46.685351
957 -46.357703
958 -33.929167
959 -50.988112
960 -37.559380
961 -46.128985
962 -34.840269
963 -42.537247
964 -45.094014
965 -34.382546
966 -43.687928
967 -41.397601
968 -42.536887
969 -40.849446
970 -41.680585
971 -35.993489
972 -42.990885
973 -29.059160
974 -39.605715
975 -37.764474
976 -45.979596
977 -42.457643
978 -25.179631
979 -46.235310
980 -36.988461
981 -40.225962
982 -53.678604
983 -35.099442
984 -30.455547
985 -30.762529
986 -39.389132
987 -24.707688
988 -38.421813
989 -33.684046
990 -43.548072
991 -32.449541
992 -48.857426
993 -38.527580
994 -37.437411
995 -41.058772
996 -33.580023
997 -40.068024
998 -19.490324
999 -19.061016
1000 -34.968174
1001 -38.051642
1002 -33.283052
1003 -13.710648
1004 -31.831222
1005 -46.965139
1006 -34.620948
1007 -40.668085
1008 -40.634723
1009 -30.846882
1010 -25.580560
1011 -46.018623
1012 -45.746359
1013 -46.332476
1014 -36.740376
1015 -34.766458
1016 -37.262140
1017 -31.768165
1018 -35.045802
1019 -26.697089
1020 -34.390944
1021 -32.160099
1022 -24.538005
1023 -26.698957
1024 -33.208952
1025 -30.425565
1026 -30.632710
1027 -31.299761
1028 -35.638599
1029 -34.668099
1030 -35.015236
1031 -39.227854
1032 -41.019960
1033 -43.159413
1034 -31.498219
1035 -36.999130
1036 -42.130862
1037 -29.618773
1038 -42.814265
1039 -38.092201
1040 -45.777298
1041 -29.073823
1042 -29.396102
1043 -23.275082
1044 -27.023795
1045 -31.674180
1046 -28.927862
1047 -30.151825
1048 -41.560855
1049 -49.537083
1050 -35.847512
1051 -41.559153
1052 -35.708119
1053 -35.875052
1054 -41.674806
1055 -32.479134
1056 -46.142323
1057 -36.261383
1058 -53.695063
1059 -39.420022
1060 -25.530143
1061 -47.727449
1062 -42.057546
1063 -42.177262
1064 -47.164452
1065 -51.806305
1066 -41.874012
1067 -48.523615
1068 -41.703110
1069 -43.123745
1070 -37.662622
1071 -36.301408
1072 -45.857202
1073 -34.634557
1074 -25.999344
1075 -36.596769
1076 -46.770057
1077 -45.260303
1078 -34.178228
1079 -39.830862
1080 -31.230423
1081 -37.239597
1082 -35.583646
1083 -31.443840
1084 -31.661455
1085 -25.393068
1086 -38.557351
1087 -47.568018
1088 -44.753304
1089 -30.176118
1090 -21.221018
1091 -29.874982
1092 -42.227027
1093 -30.972876
1094 -42.829136
1095 -35.805990
1096 -48.883761
1097 -36.191718
1098 -42.670425
1099 -45.320902
1100 -44.771197
1101 -43.639331
1102 -44.610191
1103 -38.746203
1104 -36.267666
1105 -34.117538
1106 -44.776601
1107 -44.456857
1108 -41.588248
1109 -31.981114
1110 -32.597216
1111 -23.019203
1112 -42.775945
1113 -24.715712
1114 -38.316223
1115 -33.205033
1116 -48.208998
1117 -41.849854
1118 -43.988034
1119 -29.146871
1120 -45.319466
1121 -44.439836
1122 -39.170554
1123 -26.883001
1124 -46.270071
1125 -22.023516
1126 -13.172139
1127 -29.553078
1128 -21.966965
1129 -20.504830
1130 -22.777866
1131 -39.622151
1132 -33.286286
1133 -27.146662
1134 -16.070424
1135 -14.260936
1136 -28.113398
1137 -26.177209
1138 -19.727595
1139 -36.742001
1140 -17.234001
1141 -37.487724
1142 -19.349423
1143 -32.791758
1144 -17.493815
1145 -18.081351
1146 -20.910389
1147 -33.195407
1148 -20.581215
1149 -14.634493
1150 -20.128835
1151 -17.057983
1152 -35.707374
1153 -20.667018
1154 -19.840056
1155 -13.154996
1156 -19.420303
1157 -32.951542
1158 -26.405357
1159 -24.420713
1160 -30.417181
1161 -21.237863
1162 -14.383786
1163 -24.200142
1164 -18.569825
1165 -18.771453
1166 -16.757879
1167 -25.081245
1168 -16.047419
1169 -18.421298
1170 -16.849754
1171 -13.088543
1172 -21.264063
1173 -23.865175
1174 -22.023552
1175 -34.542092
1176 -25.968494
1177 -14.414280
1178 -32.594908
1179 -18.840203
1180 -20.429640
1181 -25.856051
1182 -21.216934
1183 -21.636016
1184 -29.756953
1185 -19.467521
1186 -22.519976
1187 -24.232858
1188 -27.170255
1189 -15.592873
1190 -17.357431
1191 -17.831027
1192 -23.106908
1193 -19.204613
1194 -24.623078
1195 -5.613181
1196 -19.130323
1197 -20.431689
1198 -15.612440
1199 -15.914281
1200 -20.822268
1201 -24.614648
1202 -27.302004
1203 -26.317660
1204 -26.885811
1205 -7.877109
1206 -19.561225
1207 -22.402751
1208 -24.658324
1209 -22.800161
1210 -11.845615
1211 -26.546784
1212 -14.248412
1213 -33.572208
1214 -17.625073
1215 -12.425505
1216 -18.542482
1217 -23.256044
1218 -19.610279
1219 -24.943357
1220 -24.631732
1221 -19.511093
1222 -30.705377
1223 -24.530324
1224 -19.827065
1225 -10.003287
1226 -28.364637
1227 -15.302490
1228 -24.675037
1229 -18.009489
1230 -23.480436
1231 -22.969054
1232 -29.181307
1233 -23.948415
1234 -24.023643
1235 -26.830487
1236 -27.210340
1237 -23.814985
1238 -31.928748
1239 -25.009798
1240 -18.887625
1241 -22.410361
1242 -12.442146
1243 -30.907695
1244 -22.980977
1245 -11.776300
1246 -22.900225
1247 -19.395222
1248 -17.633571
1249 -21.649681
1250 -15.545505
1251 -16.787052
1252 -26.601349
1253 -25.843349
1254 -18.573544
1255 -30.413836
1256 -21.196274
1257 -25.315606
1258 -22.316414
1259 -20.817344
1260 -12.539916
1261 -21.934276
1262 -16.209864
1263 -19.421720
1264 -23.328615
1265 -19.388250
1266 -12.267226
1267 -17.522883
1268 -28.426567
1269 -19.048581
1270 -30.227144
1271 -20.724042
1272 -34.599988
1273 -23.739286
1274 -16.307896
1275 -9.475266
1276 -17.956676
1277 -13.053908
1278 -24.835471
1279 -32.328695
1280 -18.477562
1281 -24.799512
1282 -29.657793
1283 -33.090138
1284 -30.869532
1285 -24.957430
1286 -23.617512
1287 -22.805512
1288 -23.759383
1289 -18.969360
1290 -6.074769
1291 -25.056282
1292 -16.352271
1293 -23.188354
1294 -19.280160
1295 -25.802656
1296 -29.216688
1297 -21.989856
1298 -16.206932
1299 -22.109170
1300 -28.970367
1301 -23.040390
1302 -21.295572
1303 -36.338412
1304 -30.130762
1305 -16.958539
1306 -23.916476
1307 -23.833911
1308 -16.260807
1309 -18.600221
1310 -27.964379
1311 -25.106234
1312 -16.587580
1313 -10.868134
1314 -27.765327
1315 -17.949218
1316 -16.235053
1317 -12.216441
1318 -20.946314
1319 -30.785425
1320 -23.127620
1321 -23.159434
1322 -19.582237
1323 -10.557404
1324 -19.967000
1325 -17.487418
1326 -19.011833
1327 -18.975692
1328 -22.086291
1329 -29.943128
1330 -29.645254
1331 -34.194784
1332 -28.462841
1333 -16.811316
1334 -20.790727
1335 -22.669260
1336 -15.903946
1337 -16.950393
1338 -16.018971
1339 -21.996070
1340 -27.616006
1341 -8.791219
1342 -21.323935
1343 -12.559866
1344 -13.761559
1345 -16.435165
1346 -13.423194
1347 -23.888862
1348 -12.182227
1349 -18.624653
1350 -12.451474
1351 -22.190868
1352 -24.415426
1353 -24.290026
1354 -29.053269
1355 -33.406327
1356 -45.106043
1357 -28.064050
1358 -35.020656
1359 -46.847582
1360 -30.684901
1361 -29.839656
1362 -43.729465
1363 -50.402205
1364 -37.569344
1365 -34.766397
1366 -34.385137
1367 -34.062632
1368 -35.388420
1369 -35.827322
1370 -25.337231
1371 -38.447928
1372 -39.114348
1373 -50.950410
1374 -38.778384
1375 -31.274920
1376 -38.904212
1377 -39.004891
1378 -38.116128
1379 -40.453017
1380 -19.930045
1381 -43.437945
1382 -38.504009
1383 -44.483894
1384 -34.030540
1385 -34.585068
1386 -31.068172
1387 -42.265318
1388 -34.616550
1389 -33.202789
1390 -39.676505
1391 -44.926333
1392 -37.861587
1393 -32.751776
1394 -28.715393
1395 -27.989299
1396 -22.399333
1397 -27.184031
1398 -32.196938
1399 -22.924482
1400 -15.019868
1401 -35.275062
1402 -27.190209
1403 -32.621451
1404 -39.832489
1405 -30.398737
1406 -31.448720
1407 -34.655710
1408 -27.791815
1409 -35.073444
1410 -38.574930
1411 -35.333929
1412 -34.732062
1413 -29.797820
1414 -8.992653
1415 -29.872025
1416 -21.472015
1417 -33.591646
1418 -27.008482
1419 -34.566431
1420 -51.583199
1421 -43.239211
1422 -40.964961
1423 -44.521542
1424 -38.178153
1425 -45.954258
1426 -42.719767
1427 -40.711899
1428 -44.097145
1429 -30.234640
1430 -43.022499
1431 -29.171296
1432 -38.844799
1433 -37.142783
1434 -44.084358
1435 -41.149986
1436 -29.628896
1437 -33.147048
1438 -51.510392
1439 -36.973979
1440 -32.339627
1441 -45.242905
1442 -40.045612
1443 -26.247839
1444 -34.548722
1445 -48.776077
1446 -38.930660
1447 -46.977048
1448 -32.502889
1449 -30.745004
1450 -46.476354
1451 -36.745284
1452 -46.073533
1453 -41.441362
1454 -42.463055
1455 -42.476814
1456 -46.529221
1457 -34.420372
1458 -41.354922
1459 -42.801224
1460 -33.059134
1461 -41.524541
1462 -30.638954
1463 -30.099291
1464 -18.872534
1465 -39.871138
1466 -26.074917
1467 -36.012007
1468 -33.482748
1469 -28.363121
1470 -27.238732
1471 -30.481283
1472 -36.197264
1473 -56.393099
1474 -43.919892
1475 -33.141517
1476 -23.496254
1477 -33.870741
1478 -35.056027
1479 -38.954393
1480 -38.547539
1481 -40.681668
1482 -30.361396
1483 -50.933881
1484 -42.305123
1485 -43.652105
1486 -34.675035
1487 -33.591970
1488 -48.838877
1489 -36.911446
1490 -43.919470
1491 -33.938342
1492 -38.437112
1493 -40.186511
1494 -40.928178
1495 -37.391587
1496 -48.180794
1497 -48.277533
1498 -32.175081
1499 -38.725543
1500 -43.229877
1501 -45.475989
1502 -37.533193
1503 -36.805775
1504 -29.728776
1505 -36.089477
1506 -39.005777
1507 -36.355744
1508 -31.587747
1509 -39.254976
1510 -40.137694
1511 -47.985717
1512 -36.143804
1513 -46.406639
1514 -49.466566
1515 -33.809145
1516 -36.674713
1517 -39.563231
1518 -37.243187
1519 -30.343928
1520 -33.474306
1521 -40.097126
1522 -29.284905
1523 -38.078630
1524 -35.322099
1525 -15.699160
1526 -39.351418
1527 -38.762156
1528 -33.374349
1529 -34.255072
1530 -32.714559
1531 -32.099979
1532 -37.250032
1533 -35.964973
1534 -28.915145
1535 -34.933140
1536 -41.783628
1537 -35.240597
1538 -45.312626
1539 -39.212740
1540 -43.159268
1541 -33.680421
1542 -40.707306
1543 -43.098244
1544 -39.715552
1545 -33.723274
1546 -29.040349
1547 -30.084050
1548 -39.152266
1549 -35.921066
1550 -23.972851
1551 -29.756433
1552 -36.604177
1553 -17.465374
1554 -25.970403
1555 -32.407296
1556 -37.657384
1557 -24.841975
1558 -32.050512
1559 -29.639017
1560 -36.809946
1561 -35.047725
1562 -44.092214
1563 -31.430962
1564 -17.648226
1565 -25.883638
1566 -31.917130
1567 -36.790198
1568 -40.091797
1569 -62.325003
1570 -26.613946
1571 -30.580023
1572 -28.998577
1573 -37.032242
1574 -41.620412
1575 -39.296140
1576 -51.615807
1577 -37.625658
1578 -53.906465
1579 -41.829915
1580 -41.973766
1581 -42.845258
1582 -39.488162
1583 -28.398941
1584 -37.357225
1585 -34.175295
1586 -30.663776
1587 -32.149856
1588 -44.527178
1589 -41.766265
1590 -42.982725
1591 -41.669443
1592 -22.565142
1593 -36.896429
1594 -56.863702
1595 -35.818235
1596 -44.089108
1597 -30.822914
1598 -31.912532
1599 -45.421354
1600 -39.971542
1601 -42.485843
1602 -37.991903
1603 -30.146959
1604 -49.350525
1605 -33.918927
1606 -35.103425
1607 -23.894206
1608 -33.669411
1609 -34.157228
1610 -44.636616
1611 -49.033279
1612 -35.540048
1613 -41.551122
1614 -47.593990
1615 -32.785964
1616 -37.450622
1617 -43.384609
1618 -46.945934
1619 -38.002948
1620 -55.149970
1621 -36.843666
1622 -32.908158
1623 -31.361799
1624 -36.838826
1625 -39.421086
1626 -42.626496
1627 -37.307989
1628 -41.048386
1629 -40.191220
1630 -49.518538
1631 -40.112185
1632 -39.123006
1633 -41.646991
1634 -43.906328
1635 -42.141862
1636 -35.641494
1637 -42.481179
1638 -45.537996
1639 -58.923402
1640 -33.063287
1641 -34.696285
1642 -38.289806
1643 -42.891754
1644 -38.725750
1645 -44.421439
1646 -47.745631
1647 -49.787184
1648 -57.460612
1649 -38.195610
1650 -38.118230
1651 -37.254589
1652 -55.663139
1653 -45.653818
1654 -49.049033
1655 -41.467367
1656 -46.501854
1657 -45.283194
1658 -39.739751
1659 -56.707422
1660 -54.410174
1661 -63.721271
1662 -44.174768
1663 -51.324778
1664 -46.754004
1665 -45.715459
1666 -40.604320
1667 -49.750896
1668 -41.897637
1669 -45.157843
1670 -48.264904
1671 -29.697236
1672 -41.116898
1673 -40.690134
1674 -44.122615
1675 -37.752224
1676 -42.809078
1677 -38.580978
1678 -34.210733
1679 -46.718381
1680 -40.706635
1681 -51.940180
1682 -47.859765
1683 -37.184162
1684 -42.608605
1685 -41.268891
1686 -40.581739
1687 -47.773262
1688 -40.751001
1689 -39.853432
1690 -35.437980
1691 -37.548995
1692 -44.502667
1693 -32.444389
1694 -27.764623
1695 -27.556358
1696 -42.849020
1697 -42.452896
1698 -47.172192
1699 -36.849811
1700 -38.981767
1701 -39.546711
1702 -39.852781
1703 -46.127495
1704 -36.513335
1705 -38.297413
1706 -20.675815
1707 -30.686438
1708 -33.191670
1709 -42.866640
1710 -38.842692
1711 -42.526004
1712 -50.760565
1713 -31.319462
1714 -48.079879
1715 -42.193646
1716 -38.886873
1717 -43.945628
1718 -31.798895
1719 -29.649825
1720 -40.076491
1721 -44.620326
1722 -37.928302
1723 -31.322391
1724 -40.001826
1725 -34.787971
1726 -44.889403
1727 -46.936719
1728 -32.604882
1729 -37.806326
1730 -39.134720
1731 -27.772133
1732 -33.964428
1733 -45.785551
1734 -43.624607
1735 -43.623780
1736 -33.558002
1737 -40.276907
1738 -41.076447
1739 -43.996470
1740 -33.738855
1741 -46.967553
1742 -45.367610
1743 -34.137294
1744 -40.001678
1745 -40.674479
1746 -29.392083
1747 -36.378380
1748 -44.198698
1749 -34.318250
1750 -46.504445
1751 -45.080580
1752 -50.800605
1753 -50.589529
1754 -43.513307
1755 -38.898867
1756 -41.948053
1757 -32.009781
1758 -40.626125
1759 -50.907638
1760 -38.823212
1761 -42.967550
1762 -29.846879
1763 -45.534139
1764 -29.578012
1765 -44.885018
1766 -46.201624
1767 -45.199610
1768 -41.352742
1769 -31.219631
1770 -39.842742
1771 -31.872989
1772 -29.066027
1773 -36.975820
1774 -32.591890
1775 -42.647313
1776 -33.412312
1777 -38.060123
1778 -47.857205
1779 -38.536692
1780 -39.915327
1781 -49.255279
1782 -22.988856
1783 -44.449239
1784 -38.451122
1785 -22.414157
1786 -29.374589
1787 -44.339780
1788 -28.007886
1789 -27.289822
1790 -39.810166
1791 -48.419232
1792 -48.494224
1793 -51.035365
1794 -46.048940
1795 -42.438474
1796 -43.489896
1797 -30.359273
1798 -46.487235
1799 -25.911806
1800 -31.896307
1801 -35.264752
1802 -38.549481
1803 -37.730946
1804 -30.509290
1805 -27.250515
1806 -35.927320
1807 -46.159625
1808 -38.072035
1809 -50.119366
1810 -40.051592
1811 -53.922511
1812 -36.528699
1813 -49.077594
1814 -45.728322
1815 -45.591290
1816 -34.135749
1817 -41.843914
1818 -41.389112
1819 -36.532785
1820 -30.347201
1821 -44.265057
1822 -35.008398
1823 -45.172577
1824 -31.729628
1825 -37.009527
1826 -33.797019
1827 -46.590609
1828 -36.449560
1829 -30.414888
1830 -38.699160
1831 -41.691444
1832 -51.136079
1833 -53.644798
1834 -50.433305
1835 -32.846026
1836 -45.411067
1837 -40.109288
1838 -44.637467
1839 -26.810100
1840 -31.338338
1841 -37.542112
1842 -52.789381
1843 -49.904090
1844 -36.644387
1845 -46.439287
1846 -50.834323
1847 -43.330984
1848 -39.361525
1849 -43.537477
1850 -34.775934
1851 -49.740788
1852 -42.470075
1853 -52.641345
1854 -47.044466
1855 -40.308542
1856 -37.659517
1857 -40.748943
1858 -42.640310
1859 -35.655893
1860 -39.052089
1861 -34.289077
1862 -35.678204
1863 -51.657875
1864 -24.921757
1865 -36.772031
1866 -32.760469
1867 -40.965497
1868 -35.430385
1869 -49.959637
1870 -41.476755
1871 -47.566171
1872 -40.446457
1873 -36.986812
1874 -34.668864
1875 -29.830431
1876 -44.897073
1877 -29.880617
1878 -52.273520
1879 -43.910116
1880 -33.209109
1881 -33.612992
1882 -37.335157
1883 -30.481329
1884 -42.101594
1885 -42.825502
1886 -34.533696
1887 -43.258595
1888 -31.895179
1889 -38.264998
1890 -28.309019
1891 -40.104581
1892 -39.965551
1893 -42.034468
1894 -40.778992
1895 -40.665966
1896 -46.806162
1897 -29.512142
1898 -34.268005
1899 -35.313450
1900 -39.179533
1901 -46.724663
1902 -52.145286
1903 -53.509084
1904 -22.668022
1905 -55.236398
1906 -43.873980
1907 -35.880842
1908 -49.845170
1909 -36.975488
1910 -44.366049
1911 -31.969574
1912 -38.082946
1913 -45.812876
1914 -33.979585
1915 -40.358020
1916 -43.019471
1917 -41.755286
1918 -48.248399
1919 -25.815707
1920 -40.730321
1921 -40.256424
1922 -31.917558
1923 -32.315710
1924 -41.019012
1925 -33.222308
1926 -40.279844
1927 -39.080157
1928 -46.681483
1929 -38.323587
1930 -31.665360
1931 -35.853028
1932 -50.937351
1933 -33.483934
1934 -42.532850
1935 -42.240945
1936 -38.620833
1937 -27.811209
1938 -42.304201
1939 -48.163273
1940 -34.682005
1941 -47.499167
1942 -35.179572
1943 -53.893092
1944 -42.307436
1945 -53.221294
1946 -26.055178
1947 -35.823168
1948 -40.000034
1949 -54.053802
1950 -37.439787
1951 -44.571055
1952 -40.943554
1953 -38.869367
1954 -35.268572
1955 -36.881131
1956 -36.939871
1957 -41.737417
1958 -35.917002
1959 -45.773287
1960 -37.236910
1961 -23.388884
1962 -32.691752
1963 -29.174245
1964 -28.243537
1965 -21.330750
1966 -28.592132
1967 -34.552226
1968 -42.087560
1969 -24.043013
1970 -42.851529
1971 -34.492207
1972 -43.302379
1973 -26.951712
1974 -31.577590
1975 -28.600528
1976 -29.739106
1977 -41.634459
1978 -38.962185
1979 -30.330882
1980 -38.120635
1981 -33.408553
1982 -36.623942
1983 -22.562828
1984 -34.066120
1985 -43.581647
1986 -28.434452
1987 -25.517623
1988 -22.334014
1989 -14.837503
1990 -23.002502
1991 -30.631792
1992 -30.354875
1993 -38.381955
1994 -30.402381
1995 -39.418930
1996 -18.486324
1997 -36.490744
1998 -14.489702
1999 -37.049868
2000 -32.788103
2001 -31.594225
2002 -27.750336
2003 -40.913611
2004 -36.110289
2005 -36.295476
2006 -34.157195
2007 -39.488684
2008 -33.996793
2009 -48.855036
2010 -34.266037
2011 -28.837299
2012 -16.821613
2013 -27.000829
2014 -31.861880
2015 -24.071789
2016 -41.992476
2017 -47.734556
2018 -42.582493
2019 -47.641851
2020 -37.504286
2021 -44.293751
2022 -42.206977
2023 -46.773631
2024 -37.399533
2025 -55.947581
2026 -31.657682
2027 -45.976725
2028 -45.117695
2029 -48.775674
2030 -42.640094
2031 -41.041818
2032 -40.131729
2033 -53.383453
2034 -39.687378
2035 -44.009012
2036 -42.778966
2037 -50.265836
2038 -45.278934
2039 -44.519078
2040 -44.386102
2041 -50.638327
2042 -40.082260
2043 -40.741117
2044 -46.347021
2045 -51.011523
2046 -28.494382
2047 -28.692606
2048 -47.553087
2049 -44.917072
2050 -45.443097
2051 -56.230982
2052 -48.429561
2053 -46.237159
2054 -44.951975
2055 -48.384261
2056 -58.309145
2057 -46.107557
2058 -47.244622
2059 -38.406382
2060 -32.849913
2061 -38.961655
2062 -44.210675
2063 -43.299762
2064 -37.412578
2065 -58.347526
2066 -30.103123
2067 -43.559738
2068 -45.460814
2069 -42.017713
2070 -51.695425
2071 -45.334017
2072 -41.195309
2073 -52.756460
2074 -38.434145
2075 -47.127009
2076 -47.222560
2077 -44.056586
2078 -42.045607
2079 -42.230755
2080 -44.838141
2081 -46.133312
2082 -27.412087
2083 -47.346481
2084 -31.448412
2085 -49.026878
2086 -56.388509
2087 -46.408645
2088 -32.592211
2089 -41.847388
2090 -40.673999
2091 -40.074195
2092 -52.389682
2093 -34.513898
2094 -45.905032
2095 -38.700542
2096 -54.477516
2097 -38.613236
2098 -43.083614
2099 -24.038007
2100 -42.467996
2101 -46.090871
2102 -49.859956
2103 -40.984779
2104 -38.899989
2105 -46.822808
2106 -34.368702
2107 -44.743613
2108 -45.360617
2109 -47.909152
2110 -32.078714
2111 -43.879206
2112 -44.639907
2113 -56.360258
2114 -38.335312
2115 -40.138536
2116 -36.097295
2117 -35.826860
2118 -51.130232
2119 -23.435700
2120 -25.718242
2121 -53.808287
2122 -42.012924
2123 -44.058003
2124 -27.920638
2125 -39.966620
2126 -32.381900
2127 -35.970232
2128 -28.625190
2129 -37.447383
2130 -50.102654
2131 -28.504911
2132 -40.060603
2133 -37.488258
2134 -50.729421
2135 -32.581706
2136 -43.637910
2137 -34.360431
2138 -45.414861
2139 -41.294129
2140 -38.129348
2141 -36.283812
2142 -36.824642
2143 -42.435664
2144 -29.527747
2145 -39.828194
2146 -45.114489
2147 -42.344896
2148 -40.320129
2149 -29.876505
2150 -34.587268
2151 -43.449964
2152 -30.717322
2153 -34.687294
2154 -40.297900
2155 -34.040761
2156 -32.317438
2157 -29.580769
2158 -32.721139
2159 -47.120437
2160 -39.807932
2161 -50.565402
2162 -28.793446
2163 -19.828673
2164 -42.877965
2165 -42.296084
2166 -46.518046
2167 -47.211215
2168 -29.540477
2169 -39.306475
2170 -39.651124
2171 -34.799104
2172 -40.688674
2173 -37.525308
2174 -34.192687
2175 -33.914200
2176 -41.115816
2177 -36.879702
2178 -36.438794
2179 -35.619772
2180 -50.980983
2181 -27.367913
2182 -45.380606
2183 -38.248153
2184 -31.680173
2185 -38.805933
2186 -42.016213
2187 -49.259632
2188 -38.548706
2189 -36.041211
2190 -44.182005
2191 -33.945136
2192 -23.421291
2193 -19.033855
2194 -31.554000
2195 -45.531296
2196 -41.804380
2197 -25.557398
2198 -33.765450
2199 -56.335125
2200 -40.913014
2201 -38.888040
2202 -42.275270
2203 -38.433774
2204 -37.830096
2205 -32.732135
2206 -43.862323
2207 -50.427007
2208 -31.384548
2209 -45.275528
2210 -39.346700
2211 -32.196202
2212 -35.830974
2213 -46.368200
2214 -38.991333
2215 -40.962580
2216 -36.604546
2217 -29.198110
2218 -46.952185
2219 -43.654788
2220 -48.917051
2221 -25.466451
2222 -40.220334
2223 -36.663075
2224 -27.568930
2225 -43.235633
2226 -32.670698
2227 -45.751660
2228 -40.789444
2229 -35.611222
2230 -39.758678
2231 -37.677009
2232 -33.161996
2233 -41.036511
2234 -53.171333
2235 -44.448051
2236 -51.577215
2237 -35.895067
2238 -40.329188
2239 -36.023674
2240 -40.142502
2241 -37.008211
2242 -36.263540
2243 -44.096143
2244 -47.751901
2245 -42.483890
2246 -39.316078
2247 -43.177906
2248 -50.633136
2249 -51.035950
2250 -36.500825
2251 -22.386352
2252 -48.538962
2253 -41.772888
2254 -30.580508
2255 -38.957907
2256 -41.669230
2257 -37.953298
2258 -23.147180
2259 -31.442074
2260 -37.463230
2261 -41.510333
2262 -40.830226
2263 -39.538241
2264 -41.422310
2265 -45.505596
2266 -37.274845
2267 -48.206495
2268 -50.358606
2269 -42.127796
2270 -47.601412
2271 -31.732871
2272 -45.784809
2273 -51.197966
2274 -42.523855
2275 -34.256837
2276 -52.444215
2277 -44.318008
2278 -42.810065
2279 -39.711125
2280 -41.303267
2281 -29.523941
2282 -44.836842
2283 -41.363791
2284 -34.956128
2285 -34.933552
2286 -46.014198
2287 -45.096607
2288 -42.423170
2289 -48.493502
2290 -41.896726
2291 -29.872448
2292 -36.555857
2293 -39.906980
2294 -36.435315
2295 -40.712270
2296 -41.266464
2297 -52.204599
2298 -36.862208
2299 -35.018520
2300 -24.079982
2301 -43.908377
2302 -36.719947
2303 -41.201143
2304 -48.680238
2305 -42.135177
2306 -40.361419
2307 -49.356453
2308 -36.302918
2309 -45.658992
2310 -39.052490
2311 -42.798796
2312 -42.215455
2313 -42.073292
2314 -28.030485
2315 -34.502030
2316 -43.878105
2317 -34.115304
2318 -36.076218
2319 -42.520516
2320 -40.979004
2321 -35.916620
2322 -45.508477
2323 -41.076541
2324 -49.051259
2325 -25.169206
2326 -32.439220
2327 -35.339600
2328 -38.597118
2329 -46.728765
2330 -26.315981
2331 -40.378854
2332 -36.951009
2333 -37.247877
2334 -32.777915
2335 -35.107918
2336 -35.649951
2337 -44.564396
2338 -49.111524
2339 -43.858250
2340 -53.016848
2341 -37.225935
2342 -39.686085
2343 -40.778811
2344 -40.645776
2345 -32.620206
2346 -35.891682
2347 -47.657102
2348 -55.847158
2349 -38.116703
2350 -33.005586
2351 -34.284306
2352 -40.886602
2353 -43.609897
2354 -54.009289
2355 -41.110942
2356 -51.172331
2357 -33.495461
2358 -29.585342
2359 -42.519301
2360 -35.204772
2361 -44.110408
2362 -39.797956
2363 -40.322724
2364 -50.466628
2365 -37.067174
2366 -49.799795
2367 -41.972374
2368 -41.543803
2369 -28.463786
2370 -43.111760
2371 -33.583267
2372 -36.475656
2373 -51.006890
2374 -55.603947
2375 -25.149764
2376 -40.194713
2377 -28.799012
2378 -41.298609
2379 -46.000395
2380 -44.111174
2381 -48.927381
2382 -43.437214
2383 -52.069215
2384 -49.288576
2385 -39.169400
2386 -41.982296
2387 -53.678045
2388 -42.272429
2389 -41.046552
2390 -50.287816
2391 -42.724618
2392 -43.246821
2393 -50.129936
2394 -59.565288
2395 -41.223034
2396 -34.187791
2397 -40.551627
2398 -41.869337
2399 -44.621928
2400 -41.442733
2401 -55.209248
2402 -34.698655
2403 -46.750121
2404 -50.077437
2405 -47.047783
2406 -46.625362
2407 -48.491946
2408 -50.632721
2409 -50.059772
2410 -42.939990
2411 -46.575000
2412 -38.448366
2413 -45.912713
2414 -47.896975
2415 -40.977278
2416 -43.181893
2417 -38.097332
2418 -45.111277
2419 -44.825120
2420 -45.677681
2421 -49.300628
2422 -45.482196
2423 -46.016911
2424 -55.326986
2425 -49.111811
2426 -48.979901
2427 -49.271938
2428 -53.047172
2429 -43.014464
2430 -38.857674
2431 -55.336841
2432 -39.047165
2433 -38.373648
2434 -56.500710
2435 -47.152867
2436 -50.269096
2437 -56.626786
2438 -53.286178
2439 -42.595551
2440 -45.285827
2441 -44.147727
2442 -42.625809
2443 -40.427543
2444 -55.152252
2445 -43.901089
2446 -42.859365
2447 -38.324079
2448 -34.157295
2449 -48.971158
2450 -52.213846
2451 -50.334687
2452 -42.068218
2453 -37.276239
2454 -42.374395
2455 -47.224236
2456 -51.949448
2457 -29.975729
2458 -45.823339
2459 -51.577395
2460 -50.315299
2461 -46.990504
2462 -39.656073
2463 -35.965445
2464 -35.564351
2465 -41.307731
2466 -52.800496
2467 -51.419536
2468 -44.718858
2469 -42.965774
2470 -45.152771
2471 -48.425944
2472 -46.147148
2473 -61.839939
2474 -38.197500
2475 -45.829823
2476 -51.303539
2477 -50.201211
2478 -38.432003
2479 -48.383678
2480 -51.473656
2481 -46.169941
2482 -43.693402
2483 -51.449098
2484 -24.022944
2485 -45.310163
2486 -39.746667
2487 -47.224916
2488 -42.710068
2489 -41.254148
2490 -33.989602
2491 -55.187377
2492 -40.187297
2493 -30.130230
2494 -41.193148
2495 -48.969057
2496 -38.192258
2497 -35.091259
2498 -43.035158
2499 -48.146912
2500 -47.174578
2501 -47.572765
2502 -38.542092
2503 -41.438132
2504 -37.599129
2505 -46.684326
2506 -40.013966
2507 -40.009155
2508 -50.735186
2509 -45.036728
2510 -41.243444
2511 -40.894339
2512 -40.494577
2513 -31.040357
2514 -37.385112
2515 -39.593602
2516 -33.736290
2517 -40.356442
2518 -43.870261
2519 -30.849103
2520 -49.847099
2521 -32.774906
2522 -33.443044
2523 -24.769450
2524 -50.041210
2525 -44.286097
2526 -32.543488
2527 -42.497990
2528 -38.522682
2529 -36.781856
2530 -27.574371
2531 -29.040450
2532 -43.916946
2533 -28.278196
2534 -37.218847
2535 -48.505357
2536 -38.939398
2537 -20.213705
2538 -43.316328
2539 -37.572666
2540 -37.016728
2541 -44.999406
2542 -45.079813
2543 -33.442501
2544 -38.581796
2545 -48.859823
2546 -24.456131
2547 -39.210538
2548 -46.039746
2549 -38.075996
2550 -35.703630
2551 -26.489196
2552 -44.054540
2553 -44.132019
2554 -43.765745
2555 -31.328816
2556 -36.239497
2557 -44.613172
2558 -37.118660
2559 -46.532594
2560 -28.583123
2561 -42.214535
2562 -42.988865
2563 -47.954400
2564 -45.786876
2565 -38.962927
2566 -35.312107
2567 -43.016011
2568 -42.498473
2569 -40.871618
2570 -37.687020
2571 -29.331130
2572 -33.697187
2573 -55.455692
2574 -39.306555
2575 -30.975261
2576 -31.051031
2577 -35.234066
2578 -35.708305
2579 -40.859566
2580 -48.082260
2581 -36.079295
2582 -43.705152
2583 -35.024560
2584 -33.189483
2585 -40.074997
2586 -29.916742
2587 -37.610626
2588 -33.549480
2589 -53.411918
2590 -43.473870
2591 -23.697348
2592 -39.536479
2593 -39.922608
2594 -43.241683
2595 -29.385775
2596 -44.004117
2597 -30.928300
2598 -43.144823
2599 -42.721822
2600 -41.068390
2601 -31.330468
2602 -44.487616
2603 -27.693980
2604 -44.917866
2605 -40.036996
2606 -31.231456
2607 -29.260572
2608 -30.918185
2609 -37.360163
2610 -39.889842
2611 -46.122688
2612 -43.760246
2613 -36.843638
2614 -42.131505
2615 -42.843862
2616 -44.328917
2617 -46.501757
2618 -55.290371
2619 -40.285534
2620 -31.030861
2621 -50.534341
2622 -47.327705
2623 -48.129961
2624 -49.170088
2625 -36.076061
2626 -45.767060
2627 -33.378626
2628 -41.874551
2629 -41.813293
2630 -34.784072
2631 -44.925918
2632 -47.190901
2633 -45.447506
2634 -33.291667
2635 -37.715768
2636 -43.562666
2637 -41.001057
2638 -44.525142
2639 -47.391954
2640 -38.571587
2641 -36.831852
2642 -35.422884
2643 -34.116708
2644 -41.311276
2645 -47.055917
2646 -44.171594
2647 -37.907027
2648 -37.668910
2649 -51.115086
2650 -37.253958
2651 -36.820709
2652 -38.671102
2653 -34.837407
2654 -27.736294
2655 -45.944548
2656 -44.054943
2657 -42.335479
2658 -37.805993
2659 -38.935550
2660 -34.756904
2661 -46.473455
2662 -41.137145
2663 -48.163233
2664 -51.660776
2665 -26.721186
2666 -46.736426
2667 -32.828508
2668 -22.515348
2669 -11.623211
2670 -29.028073
2671 -35.190690
2672 -30.112852
2673 -27.847370
2674 -43.521223
2675 -35.948697
2676 -40.493166
2677 -37.739551
2678 -43.021738
2679 -34.314929
2680 -47.033777
2681 -29.352555
2682 -37.710952
2683 -34.908811
2684 -37.944498
2685 -36.251466
2686 -46.413538
2687 -32.701451
2688 -37.248721
2689 -29.712639
2690 -49.491008
2691 -45.638712
2692 -27.084661
2693 -46.602900
2694 -46.712609
2695 -55.578185
2696 -42.530935
2697 -45.042783
2698 -34.940103
2699 -32.532815
2700 -43.177969
2701 -39.865441
2702 -43.391486
2703 -55.848271
2704 -45.930055
2705 -47.458515
2706 -43.242167
2707 -35.298267
2708 -40.757438
2709 -58.560585
2710 -44.036754
2711 -38.528280
2712 -52.846557
2713 -38.724246
2714 -46.901077
2715 -50.206296
2716 -41.064740
2717 -49.646837
2718 -48.457094
2719 -50.696114
2720 -55.219330
2721 -37.361790
2722 -48.237491
2723 -44.192432
2724 -44.052001
2725 -40.556486
2726 -49.075285
2727 -46.870452
2728 -52.698558
2729 -35.291305
2730 -56.307204
2731 -48.413434
2732 -44.332822
2733 -39.687664
2734 -42.184315
2735 -34.577508
2736 -50.265748
2737 -42.110692
2738 -41.771887
2739 -38.344168
2740 -35.282871
2741 -37.696750
2742 -49.490547
2743 -42.204243
2744 -40.995272
2745 -42.561705
2746 -28.034055
2747 -44.185287
2748 -42.014692
2749 -38.474131
2750 -52.715216
2751 -39.451438
2752 -47.710201
2753 -36.915045
2754 -49.560796
2755 -40.108505
2756 -39.209354
2757 -31.505538
2758 -48.067815
2759 -37.806018
2760 -50.317186
2761 -49.451577
2762 -41.106538
2763 -36.021399
2764 -44.516883
2765 -32.635448
2766 -30.268750
2767 -44.552560
2768 -42.942192
2769 -38.783072
2770 -31.545223
2771 -31.181128
2772 -38.655565
2773 -50.267750
2774 -40.426604
2775 -43.093308
2776 -43.163499
2777 -42.483705
2778 -34.454974
2779 -51.146347
2780 -43.063607
2781 -35.531442
2782 -41.116804
2783 -39.423002
2784 -43.809629
2785 -42.296356
2786 -36.588805
2787 -30.047233
2788 -36.115136
2789 -44.333276
2790 -33.438559
2791 -44.146872
2792 -43.301068
2793 -41.615671
2794 -36.608782
2795 -37.347305
2796 -45.004977
2797 -26.810091
2798 -29.076557
2799 -35.744372
2800 -38.264618
2801 -32.392337
2802 -32.942896
2803 -46.352909
2804 -38.378217
2805 -44.739574
2806 -34.376744
2807 -36.942609
2808 -27.132943
2809 -54.531565
2810 -26.773165
2811 -33.092685
2812 -40.722390
2813 -42.457037
2814 -47.669220
2815 -49.015264
2816 -43.708733
2817 -34.662005
2818 -44.696705
2819 -35.472441
2820 -35.671485
2821 -39.085506
2822 -31.296864
2823 -32.258869
2824 -30.524096
2825 -42.312965
2826 -49.024638
2827 -39.776765
2828 -41.736323
2829 -36.049915
2830 -34.383149
2831 -39.459242
2832 -42.473952
2833 -34.654202
2834 -40.920494
2835 -50.463291
2836 -28.730251
2837 -34.468662
2838 -56.973889
2839 -25.831959
2840 -34.181774
2841 -33.249565
2842 -22.617765
2843 -52.320719
2844 -50.769885
2845 -31.228931
2846 -51.094931
2847 -48.923588
2848 -51.612272
2849 -41.658636
2850 -36.396165
2851 -45.912538
2852 -39.123908
2853 -38.194022
2854 -41.067955
2855 -29.607941
2856 -39.830522
2857 -46.687633
2858 -50.029228
2859 -38.247123
2860 -44.011693
2861 -34.371112
2862 -39.439091
2863 -40.988092
2864 -45.971607
2865 -32.545039
2866 -36.102494
2867 -34.677542
2868 -45.878885
2869 -45.628871
2870 -38.952750
2871 -46.881926
2872 -39.698189
2873 -42.974211
2874 -46.296202
2875 -36.199704
2876 -52.081769
2877 -40.536386
2878 -50.689513
2879 -35.076941
2880 -51.969588
2881 -42.807369
2882 -32.745953
2883 -27.440068
2884 -40.922686
2885 -42.335271
2886 -33.630612
2887 -50.055309
2888 -42.136155
2889 -52.523527
2890 -41.025983
2891 -53.394788
2892 -31.175098
2893 -43.932349
2894 -38.441882
2895 -56.171244
2896 -48.192471
2897 -37.023186
2898 -31.268415
2899 -51.623418
2900 -52.153520
2901 -43.082457
2902 -46.295639
2903 -39.058722
2904 -27.773365
2905 -47.371278
2906 -49.149604
2907 -30.283752
2908 -36.717216
2909 -38.964993
2910 -39.496394
2911 -32.633431
2912 -42.039073
2913 -50.087239
2914 -47.034194
2915 -42.168013
2916 -47.860049
2917 -38.653492
2918 -37.808010
2919 -36.165599
2920 -40.599288
2921 -32.503030
2922 -20.372361
2923 -27.309505
2924 -37.702909
2925 -48.132536
2926 -51.105378
2927 -42.696381
2928 -43.929586
2929 -46.465029
2930 -46.843735
2931 -29.324167
2932 -31.023472
2933 -26.888634
2934 -50.484660
2935 -36.837390
2936 -42.151486
2937 -35.671980
2938 -44.267170
2939 -34.168099
2940 -31.893469
2941 -46.744665
2942 -24.330284
2943 -42.006128
2944 -33.669254
2945 -34.416643
2946 -40.538727
2947 -43.813373
2948 -42.935320
2949 -48.039898
2950 -41.390565
2951 -36.357512
2952 -35.384656
2953 -37.857143
2954 -36.218202
2955 -32.619472
2956 -44.026170
2957 -41.894696
2958 -39.913338
2959 -38.104406
2960 -39.351731
2961 -40.915804
2962 -41.450034
2963 -48.124591
2964 -52.700212
2965 -39.409366
2966 -42.787973
2967 -36.537713
2968 -31.486751
2969 -41.808926
2970 -36.675791
2971 -29.890282
2972 -37.256022
2973 -40.449996
2974 -45.601916
2975 -39.079059
2976 -52.540147
2977 -45.367950
2978 -40.915355
2979 -43.290480
2980 -48.969912
2981 -35.638513
2982 -41.371470
2983 -39.271430
2984 -41.538882
2985 -39.607706
2986 -48.110831
2987 -43.670930
2988 -48.310462
2989 -56.170256
2990 -31.812456
2991 -44.296494
2992 -49.925474
2993 -39.489401
2994 -44.679564
2995 -47.878440
2996 -45.950919
2997 -56.886560
2998 -43.500782
2999 -43.830064
3000 -29.411433
3001 -43.442086
3002 -58.407743
3003 -46.741363
3004 -55.767442
3005 -47.720233
3006 -42.183201
3007 -47.130135
3008 -43.519970
3009 -56.346693
3010 -34.953650
3011 -36.483624
3012 -46.095728
3013 -32.476417
3014 -36.979941
3015 -40.080130
3016 -30.508114
3017 -49.737611
3018 -43.830066
3019 -51.016775
3020 -40.642486
3021 -42.003988
3022 -28.254183
3023 -40.783983
3024 -37.974732
3025 -53.403180
3026 -34.417447
3027 -41.055737
3028 -45.457594
3029 -46.737054
3030 -37.259252
3031 -39.470893
3032 -47.410326
3033 -32.675345
3034 -36.586258
3035 -46.738466
3036 -34.110928
3037 -41.911609
3038 -42.656687
3039 -35.604908
3040 -24.156481
3041 -39.805758
3042 -37.523976
3043 -32.062878
3044 -27.663744
3045 -40.433647
3046 -40.070977
3047 -36.668394
3048 -29.386797
3049 -25.083352
3050 -34.884444
3051 -42.660767
3052 -38.999434
3053 -40.233870
3054 -43.326429
3055 -48.935589
3056 -38.427995
3057 -40.132595
3058 -38.969228
3059 -44.974909
3060 -34.628569
3061 -41.844192
3062 -39.675226
3063 -29.359998
3064 -42.321926
3065 -26.573723
3066 -32.126479
3067 -32.360641
3068 -35.451217
3069 -32.484090
3070 -34.232231
3071 -36.250156
3072 -45.889535
3073 -41.649309
3074 -25.114267
3075 -51.645085
3076 -35.858155
3077 -41.734144
3078 -38.623746
3079 -39.952103
3080 -29.281865
3081 -40.978781
3082 -31.077917
3083 -21.957949
3084 -36.653262
3085 -45.574626
3086 -34.134858
3087 -39.144766
3088 -50.847948
3089 -45.062903
3090 -54.667693
3091 -61.407844
3092 -43.062424
3093 -41.003257
3094 -43.752925
3095 -33.527171
3096 -56.557632
3097 -40.071812
3098 -40.645319
3099 -44.744991
3100 -44.312452
3101 -41.012638
3102 -53.910904
3103 -44.527130
3104 -43.129590
3105 -53.835425
3106 -38.460695
3107 -51.198547
3108 -53.457810
3109 -44.123278
3110 -41.717774
3111 -52.832887
3112 -41.003302
3113 -58.484570
3114 -43.719676
3115 -42.193878
3116 -33.470884
3117 -45.945606
3118 -45.311987
3119 -45.536889
3120 -38.556194
3121 -34.498446
3122 -49.414404
3123 -46.905820
3124 -46.018190
3125 -49.466200
3126 -52.377117
3127 -57.103347
3128 -29.193339
3129 -47.197768
3130 -48.075570
3131 -37.144744
3132 -36.471577
3133 -38.190624
3134 -41.599555
3135 -48.113475
3136 -48.327740
3137 -50.463222
3138 -39.599985
3139 -33.223448
3140 -40.781767
3141 -35.109880
3142 -44.283734
3143 -42.440464
3144 -43.855217
3145 -40.557997
3146 -38.615766
3147 -34.750619
3148 -35.973990
3149 -26.277154
3150 -43.746691
3151 -50.696986
3152 -48.246755
3153 -41.168408
3154 -48.334189
3155 -31.376767
3156 -50.174130
3157 -47.329799
3158 -28.553756
3159 -29.560068
3160 -31.978302
3161 -33.949592
3162 -35.457623
3163 -43.229069
3164 -43.619180
3165 -41.489036
3166 -27.103877
3167 -47.777352
3168 -42.700185
3169 -43.451717
3170 -44.681206
3171 -42.226489
3172 -44.946832
3173 -41.305920
3174 -47.469512
3175 -49.076807
3176 -55.813438
3177 -35.942436
3178 -40.001132
3179 -41.168768
3180 -45.375131
3181 -49.618124
3182 -45.199390
3183 -34.371651
3184 -24.689051
3185 -52.982022
3186 -47.350099
3187 -50.073377
3188 -48.621449
3189 -44.994791
3190 -53.916738
3191 -41.957888
3192 -42.321195
3193 -47.646338
3194 -42.955975
3195 -41.279382
3196 -41.453790
3197 -38.696800
3198 -46.513215
3199 -39.217434
3200 -43.431364
3201 -39.327916
3202 -45.156124
3203 -41.024617
3204 -48.049216
3205 -37.446977
3206 -56.542850
3207 -59.874511
3208 -42.319463
3209 -50.152108
3210 -50.696983
3211 -44.844246
3212 -57.637356
3213 -47.357912
3214 -46.426689
3215 -60.150002
3216 -51.308765
3217 -50.793169
3218 -44.463510
3219 -48.711066
3220 -34.683447
3221 -44.890516
3222 -46.755173
3223 -39.120912
3224 -48.692095
3225 -28.497166
3226 -52.559037
3227 -32.995402
3228 -39.414277
3229 -54.351481
3230 -42.012515
3231 -45.941523
3232 -56.868190
3233 -54.014550
3234 -51.180478
3235 -46.505742
3236 -41.497389
3237 -42.784998
3238 -45.147024
3239 -53.517655
3240 -49.153611
3241 -54.331250
3242 -51.259638
3243 -46.674487
3244 -39.811955
3245 -40.728203
3246 -39.720934
3247 -39.258980
3248 -45.178836
3249 -43.225796
3250 -47.482271
3251 -38.615810
3252 -36.383605
3253 -36.606666
3254 -42.652834
3255 -49.341025
3256 -46.634574
3257 -46.428037
3258 -48.300194
3259 -46.133925
3260 -38.886471
3261 -50.967161
3262 -44.897032
3263 -47.750296
3264 -37.405519
3265 -48.026842
3266 -37.861257
3267 -35.946453
3268 -39.433084
3269 -39.132941
3270 -38.327805
3271 -29.004630
3272 -34.348579
3273 -45.585428
3274 -34.187240
3275 -51.800120
3276 -33.637183
3277 -48.799845
3278 -43.127674
3279 -42.954347
3280 -35.699183
3281 -44.645633
3282 -47.840759
3283 -46.115279
3284 -40.397107
3285 -48.604407
3286 -55.931001
3287 -41.169327
3288 -34.562407
3289 -49.260654
3290 -45.088825
3291 -35.859369
3292 -51.293523
3293 -44.799353
3294 -50.616748
3295 -33.935309
3296 -32.915822
3297 -56.100572
3298 -37.882776
3299 -43.793529
3300 -47.267467
3301 -36.588082
3302 -51.162235
3303 -36.098380
3304 -39.126509
3305 -32.071231
3306 -36.756389
3307 -35.937675
3308 -33.245755
3309 -36.955106
3310 -48.527141
3311 -36.539825
3312 -47.384367
3313 -46.085791
3314 -42.911051
3315 -41.481259
3316 -51.318636
3317 -42.109419
3318 -42.733665
3319 -29.358690
3320 -42.931004
3321 -42.204534
3322 -52.368721
3323 -29.076239
3324 -38.587379
3325 -44.662895
3326 -36.568994
3327 -53.179267
3328 -50.963941
3329 -50.408665
3330 -32.735049
3331 -45.785561
3332 -34.386540
3333 -45.072385
3334 -28.821299
3335 -44.889704
3336 -46.969825
3337 -48.371216
3338 -46.287520
3339 -47.097420
3340 -49.939329
3341 -49.422978
3342 -52.081234
3343 -45.725569
3344 -31.731601
3345 -48.665159
3346 -53.680135
3347 -50.808334
3348 -43.190094
3349 -60.656668
3350 -53.845867
3351 -46.930325
3352 -38.052570
3353 -45.277220
3354 -45.214355
3355 -46.037951
3356 -41.885757
3357 -48.706229
3358 -41.448608
3359 -39.801889
3360 -39.015370
3361 -37.722056
3362 -38.424701
3363 -39.249028
3364 -43.751639
3365 -34.062303
3366 -32.734022
3367 -49.430891
3368 -46.413993
3369 -40.967711
3370 -41.004677
3371 -38.737255
3372 -38.428134
3373 -51.176794
3374 -37.678536
3375 -31.324458
3376 -41.750040
3377 -38.889899
3378 -40.893886
3379 -40.314559
3380 -51.387553
3381 -41.963337
3382 -30.240385
3383 -41.254566
3384 -38.189409
3385 -50.130211
3386 -53.567598
3387 -35.365262
3388 -42.303904
3389 -33.820142
3390 -52.078133
3391 -36.757198
3392 -51.848034
3393 -37.656119
3394 -54.601212
3395 -48.293895
3396 -35.967320
3397 -41.200903
3398 -52.109106
3399 -40.230065
3400 -39.957454
3401 -45.740389
3402 -35.987167
3403 -55.843704
3404 -45.387370
3405 -35.314819
3406 -46.171718
3407 -34.760449
3408 -42.500531
3409 -51.035588
3410 -44.995428
3411 -38.095832
3412 -30.134102
3413 -47.115797
3414 -24.404381
3415 -37.403616
3416 -43.397060
3417 -48.951182
3418 -42.551931
3419 -34.029126
3420 -46.911955
3421 -33.661805
3422 -47.488579
3423 -40.698978
3424 -36.455061
3425 -42.285042
3426 -54.426062
3427 -36.392453
3428 -41.152456
3429 -56.076068
3430 -40.885270
3431 -45.800633
3432 -46.400465
3433 -40.009080
3434 -44.713307
3435 -36.527131
3436 -49.061448
3437 -43.856464
3438 -39.524084
3439 -40.267958
3440 -31.954705
3441 -45.450522
3442 -41.573381
3443 -41.158777
3444 -44.060706
3445 -22.655570
3446 -20.335084
3447 -34.237384
3448 -33.507679
3449 -31.341812
3450 -41.137428
3451 -41.422589
3452 -36.374136
3453 -42.511851
3454 -54.190046
3455 -38.693252
3456 -39.306090
3457 -33.535381
3458 -36.920250
3459 -44.119778
3460 -45.310600
3461 -35.170149
3462 -42.981803
3463 -37.618646
3464 -47.158149
3465 -35.308328
3466 -37.401225
3467 -32.245620
3468 -38.489246
3469 -36.149925
3470 -50.846872
3471 -49.560505
3472 -37.171735
3473 -46.965972
3474 -45.461970
3475 -33.919716
3476 -34.382407
3477 -41.001098
3478 -41.524838
3479 -37.692816
3480 -42.694649
3481 -36.746041
3482 -43.204512
3483 -40.125039
3484 -40.719131
3485 -40.726182
3486 -42.282479
3487 -35.023182
3488 -49.585197
3489 -44.840016
3490 -30.343579
3491 -30.409816
3492 -35.797633
3493 -40.711700
3494 -37.401629
3495 -28.002510
3496 -44.581236
3497 -41.367870
3498 -34.923222
3499 -43.097043
3500 -33.985007
3501 -47.433029
3502 -47.479011
3503 -43.609533
3504 -44.474574
3505 -53.021141
3506 -46.113661
3507 -46.059980
3508 -38.916377
3509 -37.550699
3510 -34.960265
3511 -44.193825
3512 -33.785941
3513 -42.794068
3514 -34.157906
3515 -42.569852
3516 -56.297959
3517 -45.998319
3518 -39.678655
3519 -33.617340
3520 -41.508630
3521 -47.943368
3522 -42.451733
3523 -41.383426
3524 -41.682230
3525 -38.995537
3526 -37.550789
3527 -48.317442
3528 -37.793501
3529 -30.327937
3530 -43.953394
3531 -39.673670
3532 -32.298637
3533 -42.135568
3534 -49.908392
3535 -52.943376
3536 -46.174171
3537 -43.314669
3538 -35.390181
3539 -38.882839
3540 -37.054721
3541 -47.905173
3542 -42.433822
3543 -50.176684
3544 -44.962451
3545 -41.607119
3546 -53.434112
3547 -34.700974
3548 -46.834228
3549 -32.195668
3550 -36.665474
3551 -27.583875
3552 -30.538776
3553 -42.293579
3554 -42.671154
3555 -38.839484
3556 -42.026702
3557 -41.291633
3558 -48.353656
3559 -45.941015
3560 -36.230697
3561 -53.220496
3562 -30.643320
3563 -54.507072
3564 -42.821433
3565 -48.697752
3566 -43.017657
3567 -43.233018
3568 -38.020562
3569 -33.026075
3570 -40.278315
3571 -35.878895
3572 -41.614518
3573 -34.771189
3574 -27.941207
3575 -29.886030
3576 -41.903338
3577 -49.619202
3578 -48.762914
3579 -49.221596
3580 -42.749720
3581 -46.806064
3582 -38.588098
3583 -22.536019
3584 -40.602163
3585 -43.519535
3586 -47.222715
3587 -42.961937
3588 -48.821457
3589 -56.280580
3590 -41.398300
3591 -40.960046
3592 -46.446359
3593 -32.701872
3594 -38.740669
3595 -46.547983
3596 -42.275055
3597 -31.817837
3598 -29.277889
3599 -25.000829
3600 -37.463589
3601 -41.336382
3602 -37.696812
3603 -34.339349
3604 -51.344857
3605 -42.826193
3606 -42.530539
3607 -34.190735
3608 -27.755609
3609 -27.806711
3610 -39.879787
3611 -37.527153
3612 -37.915055
3613 -30.612283
3614 -35.418959
3615 -46.128722
3616 -33.687891
3617 -41.023112
3618 -21.827121
3619 -14.198464
3620 -41.256160
3621 -28.814110
3622 -32.880840
3623 -39.599169
3624 -43.965599
3625 -17.702605
3626 -29.118086
3627 -43.758978
3628 -25.429595
3629 -33.293114
3630 -31.979128
3631 -28.981018
3632 -35.741376
3633 -26.995275
3634 -40.083342
3635 -24.451078
3636 -27.873666
3637 -46.413108
3638 -40.402712
3639 -52.068724
3640 -43.689505
3641 -50.980814
3642 -33.052502
3643 -51.039333
3644 -47.680071
3645 -42.495753
3646 -45.234507
3647 -44.824881
3648 -37.504805
3649 -46.620862
3650 -48.729435
3651 -40.442088
3652 -45.205101
3653 -42.896645
3654 -30.778603
3655 -37.320785
3656 -27.764702
3657 -19.132354
3658 -46.095630
3659 -38.869699
3660 -34.230951
3661 -47.586057
3662 -42.344050
3663 -38.712808
3664 -38.424194
3665 -44.620494
3666 -33.119191
3667 -58.957353
3668 -44.966194
3669 -29.450354
3670 -41.401687
3671 -43.613704
3672 -38.139187
3673 -34.463126
3674 -42.026842
3675 -40.380172
3676 -36.336945
3677 -42.839152
3678 -45.837211
3679 -32.926338
3680 -43.702250
3681 -42.721570
3682 -29.576827
3683 -43.508344
3684 -32.818012
3685 -35.365904
3686 -42.941847
3687 -34.199017
3688 -49.486579
3689 -40.371910
3690 -33.869113
3691 -41.342137
3692 -50.786327
3693 -41.067112
3694 -40.816341
3695 -29.677237
3696 -45.661160
3697 -44.211218
3698 -26.815625
3699 -42.093603
3700 -34.314471
3701 -48.981434
3702 -52.556971
3703 -45.892430
3704 -41.836651
3705 -43.895971
3706 -37.658944
3707 -38.607767
3708 -34.080726
3709 -49.217415
3710 -49.404328
3711 -38.121219
3712 -44.205098
3713 -45.068269
3714 -34.203020
3715 -35.819455
3716 -32.141318
3717 -37.593449
3718 -43.013651
3719 -51.297100
3720 -27.528262
3721 -30.491133
3722 -45.525984
3723 -43.020024
3724 -35.846362
3725 -40.542908
3726 -45.995351
3727 -53.089578
3728 -45.555476
3729 -52.054369
3730 -37.530672
3731 -35.697317
3732 -50.127907
3733 -45.216714
3734 -41.466218
3735 -47.603880
3736 -49.038745
3737 -42.262585
3738 -45.907646
3739 -44.169987
3740 -44.162570
3741 -26.106552
3742 -37.747526
3743 -43.285264
3744 -31.073732
3745 -57.883931
3746 -42.651790
3747 -38.035219
3748 -33.419764
3749 -36.342914
3750 -33.276139
3751 -26.556451
3752 -38.694142
3753 -42.481121
3754 -37.731653
3755 -34.333171
3756 -42.365700
3757 -44.161651
3758 -52.674739
3759 -36.153554
3760 -44.418710
3761 -44.649392
3762 -28.501325
3763 -44.914354
3764 -38.505531
3765 -48.958652
3766 -34.906665
3767 -42.180901
3768 -36.059073
3769 -28.558483
3770 -37.166898
3771 -37.978816
3772 -45.374430
3773 -34.071638
3774 -33.314365
3775 -31.101590
3776 -45.562404
3777 -32.974419
3778 -38.030097
3779 -41.375927
3780 -37.646185
3781 -35.384523
3782 -41.981836
3783 -26.762807
3784 -32.054323
3785 -36.624056
3786 -38.653741
3787 -31.655460
3788 -30.540791
3789 -28.566307
3790 -30.877255
3791 -34.295975
3792 -32.493253
3793 -24.339956
3794 -31.405379
3795 -36.153155
3796 -49.478294
3797 -37.992533
3798 -50.181996
3799 -36.418176
3800 -46.385753
3801 -39.587910
3802 -33.262050
3803 -29.403902
3804 -41.914907
3805 -45.847067
3806 -39.841156
3807 -43.665688
3808 -46.123610
3809 -39.912211
3810 -47.313842
3811 -34.651003
3812 -38.638878
3813 -42.118385
3814 -36.065860
3815 -28.780258
3816 -35.134582
3817 -54.382058
3818 -44.479106
3819 -45.169050
3820 -36.633111
3821 -46.520254
3822 -51.566428
3823 -32.289422
3824 -43.460788
3825 -27.269286
3826 -32.269441
3827 -41.525805
3828 -39.258634
3829 -36.711511
3830 -35.763664
3831 -31.770622
3832 -49.986405
3833 -32.855400
3834 -37.809329
3835 -38.319290
3836 -35.602421
3837 -17.266178
3838 -28.231596
3839 -45.579545
3840 -50.769947
3841 -35.603190
3842 -36.727807
3843 -37.033295
3844 -45.641240
3845 -41.204013
3846 -38.125583
3847 -37.977264
3848 -32.599515
3849 -50.428012
3850 -30.170466
3851 -56.576666
3852 -35.968011
3853 -41.754607
3854 -37.869786
3855 -51.340147
3856 -43.470717
3857 -44.864239
3858 -41.828366
3859 -25.801346
3860 -33.271932
3861 -43.555137
3862 -32.602842
3863 -36.932544
3864 -45.300652
3865 -36.040808
3866 -31.222572
3867 -31.648483
3868 -34.323094
3869 -48.178651
3870 -49.564563
3871 -30.308742
3872 -47.494970
3873 -43.919631
3874 -43.133358
3875 -38.811080
3876 -31.128116
3877 -31.682982
3878 -37.469974
3879 -47.916883
3880 -45.624823
3881 -41.901403
3882 -33.789787
3883 -51.833357
3884 -31.658152
3885 -46.911215
3886 -57.685367
3887 -35.844652
3888 -44.151620
3889 -46.621725
3890 -51.672657
3891 -37.077331
3892 -44.489368
3893 -32.572392
3894 -39.490355
3895 -39.898148
3896 -37.451337
3897 -30.442993
3898 -32.030380
3899 -32.526494
3900 -32.775676
3901 -48.063457
3902 -26.117033
3903 -37.391998
3904 -36.217948
3905 -43.907649
3906 -47.686343
3907 -48.869395
3908 -38.435683
3909 -46.155225
3910 -41.055684
3911 -33.944057
3912 -33.940456
3913 -52.363794
3914 -46.526568
3915 -51.306029
3916 -44.677159
3917 -49.584705
3918 -44.287145
3919 -47.596097
3920 -42.449302
3921 -49.143715
3922 -41.130011
3923 -61.642166
3924 -63.464049
3925 -55.286728
3926 -54.200012
3927 -51.319455
3928 -45.345195
3929 -61.927933
3930 -46.682568
3931 -45.214536
3932 -47.021944
3933 -52.685790
3934 -49.659280
3935 -46.315056
3936 -51.312445
3937 -52.556470
3938 -50.516514
3939 -39.325961
3940 -41.581647
3941 -52.707177
3942 -58.356001
3943 -50.410256
3944 -45.039378
3945 -51.327372
3946 -51.034409
3947 -43.425319
3948 -36.959308
3949 -48.352109
3950 -53.005292
3951 -53.753816
3952 -41.417658
3953 -51.887776
3954 -44.401325
3955 -60.571218
3956 -51.995037
3957 -56.033470
3958 -47.836774
3959 -38.248712
3960 -48.593102
3961 -54.002162
3962 -53.479253
3963 -45.716339
3964 -59.201438
3965 -37.254041
3966 -53.503993
3967 -54.408477
3968 -51.905545
3969 -47.344181
3970 -49.410900
3971 -49.409466
3972 -51.629277
3973 -53.868897
3974 -54.324075
3975 -56.748608
3976 -36.228931
3977 -52.852714
3978 -49.648564
3979 -62.331812
3980 -52.708505
3981 -42.251425
3982 -46.409092
3983 -53.354394
3984 -64.824968
3985 -51.344363
3986 -52.841283
3987 -47.876712
3988 -52.852858
3989 -59.660533
3990 -48.532487
3991 -46.579884
3992 -58.446021
3993 -53.404256
3994 -53.817508
3995 -63.767360
3996 -58.459086
3997 -57.196798
3998 -56.452963
3999 -56.578119
4000 -41.194132
4001 -64.467053
4002 -50.975017
4003 -53.714032
4004 -48.289856
4005 -55.936804
4006 -57.041597
4007 -37.981782
4008 -39.017821
4009 -55.563307
4010 -60.083925
4011 -49.544297
4012 -36.759091
4013 -62.882982
4014 -57.204078
4015 -56.839191
4016 -46.162156
4017 -55.798991
4018 -49.774669
4019 -47.767532
4020 -54.727708
4021 -56.183380
4022 -45.756494
4023 -46.787842
4024 -50.469515
4025 -46.988863
4026 -42.879497
4027 -40.135898
4028 -40.017961
4029 -50.030014
4030 -41.014710
4031 -47.960419
4032 -34.261132
4033 -33.176664
4034 -52.097633
4035 -52.387716
4036 -53.202834
4037 -45.391128
4038 -45.562814
4039 -45.842914
4040 -39.053792
4041 -40.438571
4042 -59.662524
4043 -44.110176
4044 -50.120574
4045 -55.147760
4046 -56.980208
4047 -45.832116
4048 -53.908525
4049 -49.594707
4050 -49.110595
4051 -58.704078
4052 -51.617486
4053 -28.420615
4054 -58.798121
4055 -48.652572
4056 -50.788027
4057 -55.979331
4058 -47.831094
4059 -48.126746
4060 -29.893442
4061 -56.191295
4062 -39.276188
4063 -46.656596
4064 -50.742345
4065 -45.631020
4066 -45.668452
4067 -44.099402
4068 -57.971400
4069 -48.548403
4070 -48.186881
4071 -47.519353
4072 -45.740627
4073 -49.968732
4074 -43.936210
4075 -55.276339
4076 -56.652730
4077 -44.576684
4078 -43.231700
4079 -47.059557
4080 -49.066501
4081 -42.262489
4082 -38.232599
4083 -45.302028
4084 -52.398057
4085 -52.195563
4086 -50.803553
4087 -40.594394
4088 -49.250935
4089 -44.450149
4090 -64.343877
4091 -52.326093
4092 -47.376791
4093 -45.522441
4094 -52.709197
4095 -34.339507
4096 -49.101921
4097 -57.859727
4098 -48.462272
4099 -52.859166
4100 -50.325435
4101 -46.824352
4102 -47.561069
4103 -54.186298
4104 -61.479957
4105 -44.128553
4106 -48.268638
4107 -49.482649
4108 -46.610633
4109 -48.325504
4110 -55.848592
4111 -52.638071
4112 -54.878229
4113 -39.882873
4114 -54.873231
4115 -51.038932
4116 -50.125327
4117 -43.544001
4118 -47.451198
4119 -55.835335
4120 -48.365786
4121 -37.892545
4122 -48.045717
4123 -46.300834
4124 -45.940672
4125 -35.146922
4126 -38.882335
4127 -50.553351
4128 -46.581048
4129 -49.952937
4130 -47.668290
4131 -45.170366
4132 -47.419228
4133 -47.470383
4134 -45.895671
4135 -50.583234
4136 -57.153688
4137 -59.080618
4138 -52.262537
4139 -49.121682
4140 -61.748300
4141 -66.570331
4142 -56.430865
4143 -50.089805
4144 -47.313310
4145 -48.281199
4146 -46.966442
4147 -49.695344
4148 -48.929102
4149 -40.728190
4150 -58.948364
4151 -55.468664
4152 -45.863318
4153 -45.229936
4154 -51.391108
4155 -38.707049
4156 -38.750544
4157 -56.748872
4158 -45.885894
4159 -48.854004
4160 -54.980014
4161 -51.601857
4162 -37.293643
4163 -59.817087
4164 -39.952583
4165 -36.286615
4166 -40.079268
4167 -42.029114
4168 -42.479604
4169 -56.394955
4170 -52.525774
4171 -59.016291
4172 -45.519695
4173 -58.624605
4174 -57.331015
4175 -45.604442
4176 -54.669297
4177 -56.176832
4178 -52.716726
4179 -51.459406
4180 -57.316650
4181 -51.650152
4182 -50.054409
4183 -54.682147
4184 -45.096357
4185 -42.404311
4186 -63.140764
4187 -48.775078
4188 -50.509264
4189 -48.934789
4190 -52.906519
4191 -53.636864
4192 -40.540969
4193 -64.520802
4194 -52.138534
4195 -60.119831
4196 -49.867077
4197 -59.318658
4198 -59.141165
4199 -53.355409
4200 -48.608428
4201 -45.769243
4202 -58.099938
4203 -47.596217
4204 -61.072697
4205 -51.389314
4206 -53.827933
4207 -48.845773
4208 -52.095157
4209 -63.430857
4210 -58.659793
4211 -76.311425
4212 -51.172904
4213 -45.137842
4214 -52.959416
4215 -45.223078
4216 -75.054223
4217 -62.516783
4218 -63.557548
4219 -57.132594
4220 -43.347736
4221 -48.297723
4222 -50.571663
4223 -51.226986
4224 -53.526381
4225 -44.108914
4226 -54.134974
4227 -45.939996
4228 -42.437864
4229 -57.114356
4230 -53.133295
4231 -51.786690
4232 -53.475498
4233 -35.900062
4234 -41.372071
4235 -56.827479
4236 -59.385753
4237 -57.252948
4238 -60.486406
4239 -53.131608
4240 -52.414871
4241 -46.700591
4242 -50.076041
4243 -56.153896
4244 -56.793758
4245 -58.586999
4246 -47.202284
4247 -43.896903
4248 -62.365358
4249 -46.579385
4250 -57.161260
4251 -53.946948
4252 -44.578598
4253 -51.131200
4254 -50.874241
4255 -53.576931
4256 -44.615255
4257 -50.314081
4258 -53.188177
4259 -56.782044
4260 -40.401774
4261 -55.046026
4262 -51.412247
4263 -47.789062
4264 -56.784758
4265 -46.785835
4266 -49.519539
4267 -59.412121
4268 -46.021549
4269 -63.920335
4270 -53.086024
4271 -45.881275
4272 -53.165384
4273 -34.124137
4274 -54.520400
4275 -62.757121
4276 -41.740452
4277 -60.097380
4278 -44.197863
4279 -51.563956
4280 -38.526966
4281 -61.446938
4282 -51.504952
4283 -40.942480
4284 -51.041778
4285 -52.659699
4286 -45.450629
4287 -51.040281
4288 -56.424330
4289 -45.122743
4290 -34.279272
4291 -54.007206
4292 -57.701409
4293 -40.507166
4294 -43.367630
4295 -32.423274
4296 -58.017060
4297 -49.608811
4298 -53.021119
4299 -53.223895
4300 -34.702024
4301 -45.434061
4302 -48.004100
4303 -57.505021
4304 -50.135962
4305 -47.518887
4306 -53.309907
4307 -56.514986
4308 -49.318804
4309 -50.870079
4310 -49.804269
4311 -51.376710
4312 -55.737806
4313 -45.948052
4314 -43.580814
4315 -45.522066
4316 -42.794257
4317 -35.631942
4318 -46.311053
4319 -39.063945
4320 -52.745764
4321 -36.990720
4322 -60.985476
4323 -45.536762
4324 -51.167935
4325 -44.784329
4326 -48.610559
4327 -56.607864
4328 -36.284914
4329 -50.807082
4330 -28.203813
4331 -51.624874
4332 -48.330562
4333 -40.931978
4334 -48.603926
4335 -48.339402
4336 -44.318636
4337 -62.336641
4338 -41.865555
4339 -46.211536
4340 -49.424514
4341 -44.477671
4342 -51.825674
4343 -62.540139
4344 -51.548551
4345 -63.022285
4346 -52.485413
4347 -56.070183
4348 -56.219988
4349 -50.782878
4350 -54.619528
4351 -47.898556
4352 -46.895049
4353 -42.852686
4354 -42.474152
4355 -46.316721
4356 -51.760045
4357 -57.592970
4358 -53.062368
4359 -45.085351
4360 -46.286691
4361 -38.499509
4362 -56.134911
4363 -46.390226
4364 -58.661887
4365 -44.195824
4366 -49.042374
4367 -50.348521
4368 -45.749740
4369 -50.395783
4370 -46.507506
4371 -42.750507
4372 -51.857117
4373 -42.293047
4374 -44.961155
4375 -41.909602
4376 -49.905967
4377 -46.526742
4378 -41.897032
4379 -47.021881
4380 -38.957595
4381 -36.674732
4382 -43.130233
4383 -40.348739
4384 -46.978366
4385 -45.026520
4386 -44.669151
4387 -44.986379
4388 -44.032773
4389 -47.304098
4390 -55.546826
4391 -50.009353
4392 -49.929102
4393 -37.171551
4394 -43.259116
4395 -59.324486
4396 -53.443752
4397 -33.881368
4398 -48.544680
4399 -39.965217
4400 -42.036284
4401 -40.745360
4402 -37.749042
4403 -37.572210
4404 -48.579051
4405 -40.997112
4406 -53.683688
4407 -39.763730
4408 -53.160435
4409 -49.983773
4410 -56.491589
4411 -50.213964
4412 -37.150717
4413 -50.320739
4414 -48.875942
4415 -44.498193
4416 -48.695347
4417 -44.135041
4418 -49.332971
4419 -32.137868
4420 -41.317002
4421 -45.717620
4422 -41.540294
4423 -45.738390
4424 -41.810628
4425 -44.913528
4426 -48.401460
4427 -48.816788
4428 -44.365126
4429 -46.506151
4430 -35.578745
4431 -26.606038
4432 -29.922489
4433 -36.547442
4434 -50.386118
4435 -33.703021
4436 -37.611504
4437 -48.812204
4438 -34.778626
4439 -24.436907
4440 -25.925952
4441 -27.374286
4442 -29.336081
4443 -24.019621
4444 -20.696857
4445 -27.619197
4446 -27.423257
4447 -35.685226
4448 -30.349532
4449 -27.449186
4450 -18.965486
4451 -18.416002
4452 -23.669277
4453 -27.034182
4454 -29.584113
4455 -14.089669
4456 -26.392173
4457 -28.662487
4458 -27.923069
4459 -31.312933
4460 -30.812530
4461 -31.169789
4462 -25.704511
4463 -24.648854
4464 -31.794638
4465 -25.936797
4466 -36.886697
4467 -24.302444
4468 -43.403307
4469 -32.757089
4470 -33.489749
4471 -27.276198
4472 -25.679767
4473 -28.837284
4474 -28.022306
4475 -28.902219
4476 -39.144746
4477 -42.114872
4478 -35.152602
4479 -44.086094
4480 -21.355027
4481 -37.307687
4482 -26.363821
4483 -27.396123
4484 -39.653853
4485 -35.122776
4486 -36.712282
4487 -36.068699
4488 -36.350403
4489 -41.379051
4490 -38.688884
4491 -37.060125
4492 -36.467925
4493 -33.053827
4494 -35.140861
4495 -32.093738
4496 -40.772132
4497 -38.050882
4498 -34.632043
4499 -35.067868
4500 -36.432544
4501 -32.867126
4502 -45.716171
4503 -38.726193
4504 -38.330886
4505 -37.363919
4506 -37.974471
4507 -38.550427
4508 -40.315654
4509 -32.874659
4510 -35.520863
4511 -28.292624
4512 -37.836333
4513 -31.078471
4514 -37.668387
4515 -32.403742
4516 -31.163650
4517 -36.641786
4518 -32.181510
4519 -34.132486
4520 -30.596527
4521 -40.043463
4522 -42.573978
4523 -44.378923
4524 -34.193798
4525 -37.787599
4526 -35.442766
4527 -37.565223
4528 -38.747095
4529 -28.764629
4530 -36.227872
4531 -37.958868
4532 -34.431224
4533 -34.498678
4534 -27.000514
4535 -34.930912
4536 -41.502751
4537 -39.327409
4538 -33.403967
4539 -29.722253
4540 -38.664802
4541 -32.872649
4542 -30.282824
4543 -19.522986
4544 -37.892262
4545 -44.093826
4546 -25.848257
4547 -36.743639
4548 -32.853023
4549 -29.556433
4550 -29.669392
4551 -39.015111
4552 -35.225902
4553 -31.559727
4554 -42.484798
4555 -31.954936
4556 -40.903755
4557 -26.234868
4558 -38.767439
4559 -23.073178
4560 -33.971418
4561 -35.582460
4562 -29.079432
4563 -34.730755
4564 -42.464399
4565 -29.245098
4566 -34.671388
4567 -39.888219
4568 -44.718608
4569 -34.433722
4570 -31.598551
4571 -31.066820
4572 -33.729626
4573 -45.252177
4574 -31.713701
4575 -44.329104
4576 -35.218164
4577 -37.707419
4578 -28.460741
4579 -33.407032
4580 -31.592410
4581 -30.230124
4582 -41.251729
4583 -34.457603
4584 -38.275667
4585 -31.228203
4586 -30.961952
4587 -37.781842
4588 -28.513521
4589 -39.925688
4590 -33.559890
4591 -42.811290
4592 -38.890230
4593 -25.007722
4594 -39.492758
4595 -35.627564
4596 -29.054013
4597 -37.701425
4598 -35.368211
4599 -38.585755
4600 -33.702003
4601 -28.993262
4602 -28.705275
4603 -29.580535
4604 -27.525253
4605 -35.446994
4606 -26.150633
4607 -41.453409
4608 -25.326644
4609 -27.435508
4610 -37.863914
4611 -40.607998
4612 -28.035491
4613 -28.589388
4614 -36.393277
4615 -22.448628
4616 -31.534812
4617 -29.249111
4618 -30.632709
4619 -33.298085
4620 -25.254870
4621 -34.460297
4622 -37.036935
4623 -23.319086
4624 -31.909275
4625 -36.117868
4626 -29.681670
4627 -45.728967
4628 -36.900991
4629 -39.343218
4630 -31.654478
4631 -35.435283
4632 -45.265918
4633 -31.151498
4634 -32.554843
4635 -33.827848
4636 -30.518538
4637 -36.538941
4638 -51.136027
4639 -39.480934
4640 -33.791375
4641 -27.950580
4642 -35.119737
4643 -27.176540
4644 -40.283452
4645 -41.046106
4646 -28.414391
4647 -27.780157
4648 -30.186024
4649 -38.349737
4650 -33.100360
4651 -31.248070
4652 -34.785670
4653 -18.344028
4654 -41.311246
4655 -24.007082
4656 -39.362196
4657 -28.405832
4658 -28.246399
4659 -24.729830
4660 -31.949082
4661 -40.782898
4662 -34.385781
4663 -34.040446
4664 -34.019433
4665 -26.825158
4666 -27.461255
4667 -33.205440
4668 -32.813220
4669 -33.782006
4670 -44.429713
4671 -32.306149
4672 -35.584227
4673 -37.031368
4674 -20.992747
4675 -23.651148
4676 -39.214051
4677 -31.786842
4678 -29.056609
4679 -37.228171
4680 -26.147743
4681 -25.612464
4682 -25.426154
4683 -27.455591
4684 -35.178265
4685 -25.638663
4686 -33.274953
4687 -35.384538
4688 -33.921912
4689 -41.240530
4690 -27.529992
4691 -26.912958
4692 -35.787875
4693 -27.496809
4694 -28.488586
4695 -30.883677
4696 -24.692198
4697 -38.168851
4698 -39.881523
4699 -34.982116
4700 -28.315124
4701 -31.820169
4702 -27.495445
4703 -35.555020
4704 -42.371647
4705 -33.930202
4706 -30.787741
4707 -43.082824
4708 -32.046671
4709 -28.558650
4710 -34.599087
4711 -30.519286
4712 -29.901487
4713 -50.880478
4714 -42.926695
4715 -37.236780
4716 -24.074813
4717 -30.517910
4718 -23.911025
4719 -21.393821
4720 -34.402328
4721 -40.601030
4722 -42.843172
4723 -30.079252
4724 -47.693295
4725 -36.975561
4726 -41.752276
4727 -45.641614
4728 -40.959800
4729 -36.252148
4730 -30.943582
4731 -37.781202
4732 -32.460811
4733 -33.290172
4734 -39.098861
4735 -30.912974
4736 -38.662790
4737 -35.215768
4738 -34.676332
4739 -39.944667
4740 -32.103157
4741 -30.718307
4742 -30.700066
4743 -39.829969
4744 -38.785836
4745 -35.853133
4746 -41.764917
4747 -30.671276
4748 -43.950908
4749 -41.254879
4750 -39.706606
4751 -38.520905
4752 -35.878970
4753 -43.838546
4754 -33.238343
4755 -32.988172
4756 -45.362996
4757 -31.796756
4758 -31.094715
4759 -32.614607
4760 -29.528764
4761 -41.736302
4762 -40.052304
4763 -28.791612
4764 -27.369586
4765 -34.331183
4766 -31.533345
4767 -37.142097
4768 -32.920120
4769 -36.465498
4770 -36.740077
4771 -36.152379
4772 -43.260389
4773 -31.822727
4774 -43.813135
4775 -31.836148
4776 -41.096069
4777 -41.618491
4778 -30.638846
4779 -43.299688
4780 -29.475896
4781 -44.988473
4782 -33.054500
4783 -30.362974
4784 -28.098285
4785 -40.824451
4786 -43.686102
4787 -38.574600
4788 -40.228650
4789 -31.572166
4790 -35.125532
4791 -27.023755
4792 -32.514336
4793 -32.942911
4794 -29.849156
4795 -32.343454
4796 -33.339274
4797 -32.916883
4798 -31.845026
4799 -37.935158
4800 -16.798983
4801 -25.072981
4802 -32.180556
4803 -31.912204
4804 -28.785847
4805 -30.017535
4806 -20.575699
4807 -37.317288
4808 -33.393958
4809 -37.221944
4810 -37.672475
4811 -28.508383
4812 -29.281141
4813 -38.875407
4814 -35.211686
4815 -32.176204
4816 -33.342393
4817 -33.327489
4818 -34.091264
4819 -34.717055
4820 -41.267907
4821 -40.380249
4822 -38.053996
4823 -35.958070
4824 -38.348815
4825 -33.934095
4826 -33.184962
4827 -42.889206
4828 -23.093311
4829 -37.870454
4830 -44.323706
4831 -27.614826
4832 -20.445111
4833 -33.977867
4834 -47.020693
4835 -31.328576
4836 -40.870644
4837 -32.403207
4838 -48.971301
4839 -41.956821
4840 -37.044651
4841 -29.717335
4842 -33.154087
4843 -38.721001
4844 -42.000126
4845 -36.692173
4846 -35.959525
4847 -25.163496
4848 -33.391872
4849 -42.200434
4850 -37.293546
4851 -38.523795
4852 -37.851855
4853 -31.211282
4854 -39.408385
4855 -38.667236
4856 -42.155837
4857 -30.362793
4858 -21.616575
4859 -35.849415
4860 -35.750243
4861 -33.338899
4862 -27.874953
4863 -27.485905
4864 -31.286863
4865 -34.016671
4866 -35.913166
4867 -30.591056
4868 -31.873300
4869 -29.693727
4870 -37.069116
4871 -48.735747
4872 -34.736820
4873 -39.506865
4874 -33.924266
4875 -41.257893
4876 -33.148384
4877 -47.890088
4878 -36.397909
4879 -38.337065
4880 -30.462445
4881 -40.851317
4882 -36.695468
4883 -32.183306
4884 -35.229921
4885 -32.799147
4886 -34.767755
4887 -38.144518
4888 -32.760661
4889 -33.013471
4890 -40.487796
4891 -29.857496
4892 -22.398692
4893 -34.986328
4894 -37.654759
4895 -39.548402
4896 -36.955503
4897 -37.141481
4898 -35.163702
4899 -47.035134
4900 -35.870051
4901 -42.894277
4902 -33.727062
4903 -28.668788
4904 -34.174775
4905 -34.279200
4906 -34.802198
4907 -38.267662
4908 -30.654888
4909 -41.664806
4910 -39.264222
4911 -35.366173
4912 -40.898987
4913 -25.330106
4914 -35.617798
4915 -34.036418
4916 -41.802533
4917 -34.390850
4918 -49.281044
4919 -29.603513
4920 -38.086435
4921 -38.016960
4922 -39.526723
4923 -40.940544
4924 -32.544801
4925 -40.606288
4926 -44.186935
4927 -39.564233
4928 -37.229485
4929 -31.125786
4930 -34.100396
4931 -33.278446
4932 -40.757663
4933 -39.037294
4934 -36.699776
4935 -34.381136
4936 -34.192206
4937 -34.159580
4938 -31.685504
4939 -44.432740
4940 -31.490722
4941 -43.868084
4942 -39.037046
4943 -28.951522
4944 -35.275391
4945 -45.321546
4946 -36.813651
4947 -33.882407
4948 -40.044277
4949 -34.693718
4950 -42.882269
4951 -26.022666
4952 -29.857172
4953 -36.165386
4954 -26.892101
4955 -38.686331
4956 -27.009135
4957 -35.513622
4958 -22.867519
4959 -32.191611
4960 -35.248274
4961 -34.211058
4962 -42.829169
4963 -27.300031
4964 -28.040582
4965 -36.080885
4966 -39.581254
4967 -36.237806
4968 -37.810289
4969 -53.302189
4970 -40.054661
4971 -40.958660
4972 -40.129310
4973 -24.001496
4974 -37.466170
4975 -35.706570
4976 -41.732263
4977 -33.907413
4978 -37.905383
4979 -41.598017
4980 -38.806636
4981 -43.399742
4982 -42.366659
4983 -41.008644
4984 -37.582835
4985 -38.529882
4986 -35.094558
4987 -39.604965
4988 -30.953835
4989 -38.254645
4990 -40.661462
4991 -26.612232
4992 -35.300849
4993 -37.573497
4994 -28.129356
4995 -38.324766
4996 -31.805611
4997 -37.689140
4998 -39.111676
4999 -28.226029
5000 -31.563673
